-0.10915009564844913 0.48690229853368727 0.43185559488613734 -1.5707960890235428 -1.570789458699883 1.5707963967714278 -1.570796042203602 -1.5707965719206287 1.1055306901042172e-06 55.36343550724251 -143.17167203025915 -18.34324818588328 -0.6932476178185166 0.056137443824233996 -0.0028209699405010117 1.02
 -0.10915009564844913 0.48690229853368727 0.43185559488613734 -1.5707960890235437 -1.570789458699883 1.570796396771427 -1.570796042203602 -1.570796571920626 1.1055306892160388e-06 143.1442511187163 -340.79827191780197 -75.93695265711295 -6.67886977922569 0.3821220289305 -0.012649737876199463 1.03
 -0.10915009564844913 0.48690229853368727 0.43185559488613734 -1.5706862579511292 -1.5711493197456932 1.5710483737924008 -1.570651682125856 -1.570871917803311 -1.5519504708905174e-05 390.83036884009596 -962.3216285989275 -238.71058021844993 -23.339173649627977 1.1661225004293019 -0.025732144734112707 1.04
 -0.10932293513838964 0.4864067245070558 0.43206911875799237 -1.5704114571177437 -1.5718896492935643 1.571392840803524 -1.5704632513168075 -1.5709697922106578 -3.087069260754305e-05 1028.1275229203588 -2627.2437199187443 -578.8852259496341 -56.89556404406263 2.979365120350683 -0.07987408044779068 1.05
 -0.10964311676499972 0.4856582485130283 0.4325760753437595 -1.5697264928913732 -1.5736292884743097 1.5720309796556977 -1.570167922723992 -1.5711185575709123 -5.3720143741387005e-05 2393.2523503201764 -6762.960341858932 -1124.4526153944705 -110.81937779615022 5.101963644411779 -0.19573996392779164 1.06
 -0.10964311676499972 0.4856582485130283 0.4325760753437595 -1.5682199229646123 -1.5773944920700815 1.5732513410469604 -1.5697251667625745 -1.5713283107690543 -9.16743595782421e-05 5321.598187304079 -13613.230555662805 544.9037170399788 26.38611930454138 -7.70070348377559 -0.278277663996278 1.07
 -0.10964311676499972 0.4856582485130283 0.4325760753437595 -1.5578967892553877 -1.6046381358326602 1.5822422025441005 -1.5678610488744935 -1.5720187074626875 -0.00025752778472298843 -8015.447898137002 -4991.38033304397 17622.139038167363 1275.9826411271604 14.830627942363918 0.9055664947078552 1.08
 -0.10964311676499972 0.4856582485130283 0.4325760753437595 -1.541697189211975 -1.6278265148763937 1.5972083159713808 -1.565856388871956 -1.5725267049902065 -0.00039999575276716826 88150.37154933355 -30874.592089584366 -30667.304464589783 -898.2489384645305 -942.3139741899514 3.2673607629546293 1.09
 -0.13254756061453155 0.4473627282720041 0.44568361351029884 -1.518391252018957 -1.6529596808603033 1.6197230919628902 -1.5608175898204006 -1.5734421733833948 -0.0006026291775924619 -85437.45755771801 -525847.3233109528 -4583.987320442189 32006.085280291813 2477.255152959286 -22.945546128038014 1.1
 -0.13254756061453155 0.4473627282720041 0.44568361351029884 -1.4932585601630404 -1.678092826577891 1.6448558196916085 -1.5488330716087289 -1.5753382513168752 -0.0008720534215669318 4501110.295295099 614662.107667156 4712928.672757769 -246560.46000860643 6233.169585124046 -394.196415102725 1.11
 -0.13254756061453155 0.4473627282720041 0.44568361351029884 -1.4681258781757123 -1.7032259610239224 1.669988547572851 -1.5237003369150912 -1.5791322613472865 -0.001228215526579035 -149636898.06723803 83330886.9011063 933182400.050307 -11974833.12955264 -10681396.977469461 8476.125931214545 1.12
 -0.13254756061453155 0.4473627282720041 0.44568361351029884 -1.4178605114073992 -1.7534922224924347 1.7202540028914708 -1.4734348682187877 -1.6231966371980011 -0.008142522082684955 27649347293002.25 46930623538807.66 24569642590983.4 -1486201290941.688 170500058508.5312 -211087353.23158342 1.1300000000000001
 -0.13254756061453155 0.4473627282720041 0.44568361351029884 -1.3927277159989702 -1.7534923594684768 1.7202539983990093 -1.473434873200091 -1.623196636602561 -0.024880143967021873 -3.3330952491312303e+22 3.8569049364312516e+21 9.175605932293175e+21 1.862011347662258e+20 1.6231743986861887e+19 -1.296125924745824e+18 1.1400000000000001
 -0.17474317987953691 0.37904932411901404 0.43203804249691635 -1.380161364426983 -1.7409256007069587 1.7076876409604598 -1.4860012335164265 -1.6106302684135825 -0.03744651497006313 1.157566847980902e+40 -5.63219739869472e+39 -1.0541189045949216e+38 3.142995570308861e+38 -4.2469045347896385e+37 1.4624296296541115e+36 1.1500000000000001
 -0.17474317987953691 0.37904932411901404 0.43203804249691635 -1.3801613597564995 -1.7409257373602154 1.7076876368435077 -1.4860012387725563 -1.6106302686897225 -0.03744651459881432 -4.159444283058372e+76 -1.7333240138692082e+76 -1.3693881304326971e+75 -1.0636959074437641e+75 2.414055250799163e+74 -2.1287587424086794e+72 1.1600000000000001
 -0.17474317987953691 0.37904932411901404 0.43203804249691635 -1.3927277797406683 -1.7534920950554955 1.7202540067275702 -1.4734348634780954 -1.6231966365707677 -0.024880144224719736 -1.0911789966846602e+147 3.616285346764858e+148 1.6614930812936214e+146 1.8954259483951449e+146 3.7870857291831934e+144 -2.90473493035642e+143 1.1700000000000002
 -0.17474317987953691 0.37904932411901404 0.43203804249691635 -1.3927277573336108 -1.7534922960689032 1.7202540006186489 -1.4734348712121594 -1.623196636648589 -0.02488014390475879 1.841488222232349e+290 -1.1726673534997186e+292 2.8827608467156195e+292 1.7315837046719516e+291 4.942922295469712e+289 -8.485194977112025e+287 1.1800000000000002
 -0.18171112448540838 0.38286795674087015 0.4340552532824049 -1.3801613710098284 -1.7409256020428145 1.7076876409838526 -1.4860012336566646 -1.610630268436922 -0.03744651492601392 nan nan nan nan nan nan 1.1900000000000002
 -0.0580208634334084 0.051847538771813584 0.8672786902644551 -1.5506376320881916 -1.525666747134312 -0.2537748362417105 1.1828691152684812 -2.1055006829273437 1.7998756825188469 nan nan nan nan nan nan 1.2000000000000002
 -0.06583713386296475 -0.0688215636188303 0.7793853953604966 -1.558228226142658 -1.5255099261866225 -0.2539590646773817 1.1831986557066116 -2.1054976578766684 1.8005748840020406 nan nan nan nan nan nan 1.2100000000000002
 -0.06635809782381852 -0.06829956548410032 0.7793817236684435 -1.5599641799904145 -1.5254987115036833 -0.25400366763642346 1.1832817120536827 -2.1055226784878442 1.800693707184613 nan nan nan nan nan nan 1.2200000000000002
 -0.06647464968175654 -0.0681972957376451 0.7793796541883207 -1.5604039608181735 -1.5254950132653984 -0.2540150681268081 1.1833015845075847 -2.1055276836123875 1.8007227706939677 nan nan nan nan nan nan 1.2300000000000002
 -0.06651235428296332 -0.06816484571131154 0.779379051742189 -1.5605548807181497 -1.5254981759239001 -0.25401471623221994 1.1833047728641404 -2.1055296009803515 1.8007235437530653 nan nan nan nan nan nan 1.2400000000000002
 -0.06651483765226784 -0.06816265819718748 0.7793790145545298 -1.5605616787146372 -1.5254981855590928 -0.2540148134087019 1.1833049465071275 -2.1055296802378245 1.8007237229066089 nan nan nan nan nan nan 1.2500000000000002
 -0.06651493131849928 -0.06816257457461106 0.7793790134699476 -1.5605630673418593 -1.5254981884955905 -0.25401482871663283 1.18330497273866 -2.1055296929013396 1.8007237464619674 nan nan nan nan nan nan 1.2600000000000002
 -0.06651494932573032 -0.068162558156877 0.7793790133023122 -1.5605633333250033 -1.5254981889877288 -0.2540148309049375 1.1833049761948544 -2.105529694452197 1.8007237491933994 nan nan nan nan nan nan 1.2700000000000002
 -0.0665149526311376 -0.06816255506988012 0.7793790132793741 -1.5605633819441653 -1.525498189037629 -0.25401483118058366 1.183304976557257 -2.1055296945523994 1.800723749438382 nan nan nan nan nan nan 1.2800000000000002
 -0.0665149532163628 -0.0681625545089477 0.779379013276754 -1.560563391978457 -1.5254981890335433 -0.25401483120955604 1.1833049765703105 -2.105529694524943 1.8007237494402837 nan nan nan nan nan nan 1.2900000000000003
 -0.06651495333384294 -0.06816255439273644 0.7793790132765743 -1.5605633922229876 -1.5254981890326862 -0.25401483120918833 1.183304976568209 -2.10552969452216 1.8007237494387844 nan nan nan nan nan nan 1.3000000000000003
 -0.06651495333661417 -0.06816255438984209 0.7793790132765841 -1.5605633922629245 -1.5254981890324633 -0.2540148312090338 1.1833049765676487 -2.1055296945215005 1.80072374943843 nan nan nan nan nan nan 1.3100000000000003
 -0.06651495333706148 -0.06816255438936158 0.7793790132765872 -1.5605633922703417 -1.5254981890324024 -0.25401483120898405 1.1833049765674986 -2.1055296945213304 1.800723749438344 nan nan nan nan nan nan 1.3200000000000003
 -0.0665149533371322 -0.06816255438928187 0.7793790132765877 -1.5605633922705007 -1.5254981890324002 -0.2540148312089823 1.1833049765674932 -2.105529694521325 1.8007237494383412 nan nan nan nan nan nan 1.3300000000000003
 -0.06651495333714363 -0.06816255438926921 0.7793790132765877 -1.5605633922705238 -1.5254981890324002 -0.2540148312089823 1.1833049765674932 -2.1055296945213238 1.8007237494383412 nan nan nan nan nan nan 1.3400000000000003
 -0.06651495333714552 -0.06816255438926722 0.7793790132765877 -1.5605633922705282 -1.5254981890324002 -0.2540148312089823 1.1833049765674923 -2.1055296945213238 1.8007237494383421 nan nan nan nan nan nan 1.3500000000000003
 -0.06651495333714563 -0.06816255438926677 0.7793790132765881 -1.560563392270529 -1.5254981890324002 -0.2540148312089823 1.1833049765674923 -2.105529694521324 1.8007237494383421 nan nan nan nan nan nan 1.3600000000000003
 -0.06651495333714574 -0.068162554389267 0.7793790132765877 -1.560563392270529 -1.5254981890324002 -0.2540148312089823 1.1833049765674923 -2.1055296945213247 1.8007237494383412 nan nan nan nan nan nan 1.3700000000000003
 -0.06651495333714574 -0.068162554389267 0.7793790132765881 -1.5605633922705282 -1.5254981890323998 -0.2540148312089823 1.1833049765674915 -2.105529694521324 1.8007237494383421 nan nan nan nan nan nan 1.3800000000000003
 -0.06651495333714552 -0.06816255438926633 0.7793790132765877 -1.560563392270529 -1.5254981890323998 -0.2540148312089823 1.1833049765674915 -2.1055296945213238 1.8007237494383421 nan nan nan nan nan nan 1.3900000000000003
 -0.06651495333714574 -0.068162554389267 0.7793790132765881 -1.560563392270529 -1.5254981890323998 -0.2540148312089823 1.1833049765674915 -2.1055296945213238 1.8007237494383412 nan nan nan nan nan nan 1.4000000000000004
 -0.06651495333714574 -0.06816255438926655 0.7793790132765877 -1.5605633922705282 -1.5254981890323998 -0.2540148312089823 1.1833049765674915 -2.105529694521324 1.8007237494383412 nan nan nan nan nan nan 1.4100000000000004
 -0.06651495333714563 -0.06816255438926677 0.7793790132765877 -1.5605633922705282 -1.5254981890323998 -0.2540148312089823 1.1833049765674915 -2.1055296945213233 1.800723749438343 nan nan nan nan nan nan 1.4200000000000004
 -0.06651495333714563 -0.06816255438926677 0.7793790132765877 -1.560563392270529 -1.5254981890324002 -0.2540148312089823 1.1833049765674915 -2.1055296945213238 1.800723749438344 nan nan nan nan nan nan 1.4300000000000004
 -0.06651495333714574 -0.068162554389267 0.7793790132765877 -1.5605633922705282 -1.5254981890323998 -0.2540148312089823 1.1833049765674932 -2.1055296945213247 1.800723749438343 nan nan nan nan nan nan 1.4400000000000004
 -0.06651495333714563 -0.06816255438926677 0.7793790132765877 -1.560563392270529 -1.5254981890324002 -0.2540148312089823 1.1833049765674923 -2.1055296945213238 1.8007237494383421 nan nan nan nan nan nan 1.4500000000000004
 -0.06651495333714563 -0.06816255438926655 0.7793790132765881 -1.560563392270529 -1.5254981890323998 -0.2540148312089823 1.1833049765674923 -2.1055296945213247 1.8007237494383421 nan nan nan nan nan nan 1.4600000000000004
 -0.06651495333714574 -0.068162554389267 0.7793790132765877 -1.560563392270529 -1.5254981890324002 -0.2540148312089823 1.1833049765674915 -2.105529694521323 1.8007237494383412 nan nan nan nan nan nan 1.4700000000000004
 -0.06651495333714552 -0.06816255438926633 0.7793790132765877 -1.560563392270529 -1.5254981890324002 -0.2540148312089823 1.1833049765674923 -2.1055296945213238 1.8007237494383403 nan nan nan nan nan nan 1.4800000000000004
 -0.06651495333714541 -0.06816255438926677 0.7793790132765877 -1.5605633922705282 -1.5254981890323998 -0.2540148312089823 1.1833049765674923 -2.105529694521325 1.800723749438343 nan nan nan nan nan nan 1.4900000000000004
 -0.06651495333714574 -0.068162554389267 0.7793790132765877 -1.560563392270529 -1.5254981890324002 -0.2540148312089823 1.1833049765674923 -2.1055296945213233 1.8007237494383412 nan nan nan nan nan nan 1.5000000000000004
 -0.06651495333714574 -0.06816255438926655 0.7793790132765877 -1.560563392270529 -1.5254981890323998 -0.2540148312089823 1.1833049765674915 -2.105529694521324 1.8007237494383412 nan nan nan nan nan nan 1.5100000000000005
 -0.06651495333714574 -0.068162554389267 0.7793790132765877 -1.560563392270529 -1.5254981890323998 -0.2540148312089823 1.1833049765674932 -2.105529694521324 1.8007237494383412 nan nan nan nan nan nan 1.5200000000000005
 -0.06651495333714563 -0.06816255438926655 0.7793790132765877 -1.560563392270529 -1.5254981890323998 -0.2540148312089823 1.1833049765674915 -2.105529694521324 1.8007237494383421 nan nan nan nan nan nan 1.5300000000000005
 -0.06651495333714574 -0.06816255438926655 0.7793790132765877 -1.560563392270529 -1.5254981890324002 -0.2540148312089823 1.1833049765674923 -2.1055296945213247 1.800723749438343 nan nan nan nan nan nan 1.5400000000000005
 -0.06651495333714574 -0.068162554389267 0.7793790132765881 -1.560563392270529 -1.5254981890324002 -0.2540148312089823 1.1833049765674923 -2.1055296945213247 1.800723749438343 nan nan nan nan nan nan 1.5500000000000005
 -0.06651495333714574 -0.068162554389267 0.7793790132765877 -1.560563392270529 -1.5254981890324002 -0.2540148312089823 1.1833049765674923 -2.105529694521324 1.8007237494383412 nan nan nan nan nan nan 1.5600000000000005
 -0.06651495333714574 -0.06816255438926655 0.7793790132765877 -1.560563392270529 -1.5254981890323998 -0.2540148312089823 1.1833049765674915 -2.1055296945213233 1.8007237494383412 nan nan nan nan nan nan 1.5700000000000005
 -0.06651495333714552 -0.06816255438926633 0.7793790132765877 -1.560563392270529 -1.5254981890323998 -0.2540148312089823 1.1833049765674915 -2.1055296945213247 1.8007237494383421 nan nan nan nan nan nan 1.5800000000000005
 