51 0.2 0.0009770895712548466 10.579999999999819
 51 0.3 0.0008228182122573097 11.95999999999979
 51 0.4 0.0009492553516515977 17.78999999999998
 51 0.6000000000000001 0.000988652383160374 12.359999999999781
 51 0.6500000000000001 0.0006946210847049728 8.899999999999855
 51 0.7000000000000001 0.0007092483777920773 9.279999999999847
 51 0.7500000000000001 0.0009474805208386965 11.709999999999795
 51 0.8 0.0009381453046049898 19.64000000000027
 51 0.8500000000000001 0.0008178344225307705 8.049999999999873
 51 0.9000000000000001 0.0009382899174196106 19.96000000000032
 51 0.9500000000000001 0.0008520655655505502 9.469999999999843
 52 0.15000000000000002 0.0007935426346346273 10.03999999999983
 52 0.25 0.0009613835592283349 17.539999999999942
 52 0.35000000000000003 0.0009291957273882047 8.249999999999869
 52 0.6500000000000001 0.0008569796091884519 14.25999999999974
 52 0.7500000000000001 0.0007519384925615845 8.16999999999987
 52 0.8 0.0008919833067902202 14.31999999999974
 52 0.8500000000000001 0.0009616564771168847 19.280000000000214
 52 0.9500000000000001 0.0006291315722505555 8.709999999999859
 52 1.0 0.0009207109075130432 10.449999999999822
 53 0.1 0.000918884558290254 16.709999999999813
 53 0.15000000000000002 0.000874639462769148 9.399999999999844
 53 0.25 0.0007586214836128161 9.319999999999846
 53 0.3 0.0007311403900166306 7.979999999999874
 53 0.4 0.000988428684442838 15.379999999999717
 53 0.6000000000000001 0.0008506991438610285 10.229999999999826
 53 0.8 0.0008923935381657106 14.70999999999973
 53 0.9500000000000001 0.0009619119278321252 17.869999999999994
 53 1.0 0.0006158007973631645 7.759999999999879
 54 0.25 0.0008863010774239199 13.30999999999976
 54 0.3 0.0008447570298170521 9.60999999999984
 54 0.45 0.0009456010875180108 12.159999999999785
 54 0.8 0.0009233968276272076 12.829999999999771
 54 0.8500000000000001 0.0008598330180894148 11.109999999999808
 54 0.9000000000000001 0.0009521238481434577 19.8300000000003
 54 0.9500000000000001 0.0006302256353050618 7.889999999999876
 54 1.0 0.0008714684928226895 12.199999999999784
 55 0.25 0.0008989686818285621 14.469999999999736
 55 0.35000000000000003 0.0009120300933414742 18.390000000000075
 55 0.5 0.0008890735525611787 16.079999999999714
 55 0.55 0.0009186486634444989 9.749999999999837
 55 0.6500000000000001 0.0009554762309339917 17.619999999999955
 55 0.7000000000000001 0.0009121463657277247 15.549999999999713
 55 0.7500000000000001 0.0009518297078908273 10.54999999999982
 55 0.8 0.0009321598396886586 16.399999999999764
 55 0.8500000000000001 0.0009554059265208648 13.019999999999767
 55 0.9000000000000001 0.0009497294183904225 10.299999999999825
 55 0.9500000000000001 0.000658444308600338 8.879999999999855
 55 1.0 0.0008740085257807653 11.179999999999806
 56 0.05 0.0009039835271344373 19.520000000000252
 56 0.35000000000000003 0.0009476800180110844 18.36000000000007
 56 0.4 0.0009665694754837129 13.099999999999765
 56 0.45 0.0008853271880578604 9.709999999999837
 56 0.5 0.0008983235998601048 17.429999999999925
 56 0.55 0.0008429153582616035 14.559999999999734
 56 0.6500000000000001 0.0002309623568145825 5.2499999999999325
 56 0.7000000000000001 0.0007184804287673222 5.209999999999933
 56 0.7500000000000001 0.000808894938326237 8.60999999999986
 56 0.8 0.0007677946363284673 8.469999999999864
 56 0.9500000000000001 0.0008509519075098163 10.369999999999823
 56 1.0 0.0009693497480655492 19.990000000000325
 57 0.1 0.000994880077403146 18.80000000000014
 57 0.15000000000000002 0.0009179117528592174 8.62999999999986
 57 0.25 0.0008822611704514587 12.249999999999783
 57 0.3 0.0009039547378305471 14.849999999999728
 57 0.35000000000000003 0.0007109179978336078 7.859999999999877
 57 0.5 0.0007032266594079991 7.749999999999879
 57 0.55 0.0009473623029302876 13.34999999999976
 57 0.6000000000000001 0.0009875450506991908 13.749999999999751
 57 0.6500000000000001 0.0006943907422737918 9.009999999999852
 57 0.7000000000000001 0.0008789193038049434 7.529999999999884
 57 0.7500000000000001 0.0007596420624244887 10.51999999999982
 57 0.8 0.0009638113801350404 15.22999999999972
 57 0.8500000000000001 0.0009856919099251737 8.139999999999871
 57 0.9000000000000001 0.0007444114842975542 5.139999999999935
 57 0.9500000000000001 0.0008954558293326718 15.049999999999724
 57 1.0 0.0009069528105454337 17.409999999999922
 58 0.05 0.0009069589009415742 16.339999999999755
 58 0.15000000000000002 0.0009327105898980742 19.26000000000021
 58 0.2 0.0007292389926915469 10.249999999999826
 58 0.25 0.0009728775345194488 15.999999999999703
 58 0.45 0.000991397106629673 11.569999999999798
 58 0.55 0.0009088753581841997 8.14999999999987
 58 0.6000000000000001 0.000905148891234349 7.069999999999894
 58 0.6500000000000001 0.0008302484773412347 11.279999999999804
 58 0.7500000000000001 0.0009531373419084602 8.799999999999857
 58 0.8 0.00096789601105389 14.149999999999743
 58 0.8500000000000001 0.0008184598596331582 13.559999999999755
 58 0.9000000000000001 0.0009082261650429778 14.869999999999727
 58 0.9500000000000001 0.0009962860987941735 9.959999999999832
 58 1.0 0.0008567041755190708 13.499999999999757
 59 0.15000000000000002 0.0008170951463858853 13.079999999999766
 59 0.3 0.0009808462387138738 15.949999999999704
 59 0.5 0.000984732960331756 11.189999999999806
 59 0.55 0.0008728206001003655 8.009999999999874
 59 0.6500000000000001 0.0008952010003451796 12.309999999999782
 59 0.7000000000000001 0.000998530482559531 14.74999999999973
 59 0.8 0.0008553357821320174 9.409999999999844
 59 1.0 0.000883277970680123 15.819999999999707
 60 0.05 0.0009240513698907884 14.999999999999725
 60 0.1 0.0009174161294107792 13.83999999999975
 60 0.2 0.0009804609596514836 14.609999999999733
 60 0.25 0.0009283138959455856 16.359999999999758
 60 0.3 0.0008493657779461188 8.999999999999853
 60 0.35000000000000003 0.0009193382121799385 16.37999999999976
 60 0.4 0.0009259012216115109 9.659999999999838
 60 0.45 0.0009062235892282744 17.2599999999999
 60 0.5 0.0008812652859467807 16.219999999999736
 60 0.55 0.0006320670788100523 7.799999999999878
 60 0.6000000000000001 0.0009583014488571398 16.87999999999984
 60 0.7000000000000001 0.0005901622206907608 8.509999999999863
 60 0.8 0.0009966136082781173 10.749999999999815
 60 0.8500000000000001 0.0007866359605281722 8.14999999999987
 60 0.9000000000000001 0.0009185998881437569 12.559999999999777
 60 0.9500000000000001 0.0009243865872921262 12.88999999999977
 61 0.05 0.0008087838621100733 12.639999999999775
 61 0.1 0.0009466994312982046 9.789999999999836
 61 0.15000000000000002 0.0009224002631645054 18.88000000000015
 61 0.25 0.0009526293414057372 13.919999999999748
 61 0.3 0.000960434536328413 10.799999999999814
 61 0.35000000000000003 0.0009942109432277762 10.419999999999822
 61 0.4 0.0008951317397169582 16.899999999999842
 61 0.45 0.000858700744364917 13.739999999999752
 61 0.5 0.0008841556589844455 15.20999999999972
 61 0.55 0.0009886289528654422 16.529999999999784
 61 0.6000000000000001 0.0009491024414435927 10.129999999999828
 61 0.6500000000000001 0.000749769021055375 6.979999999999896
 61 0.7000000000000001 0.00097232741347472 10.149999999999828
 61 0.7500000000000001 0.000969450552400561 10.229999999999826
 61 0.8 0.0008220064897660727 12.529999999999777
 61 0.8500000000000001 0.0007026911970174175 8.299999999999867
 61 0.9000000000000001 0.0009281021854793138 14.699999999999731
 61 0.9500000000000001 0.0007695026066456823 9.179999999999849
 61 1.0 0.0006642221499643776 7.369999999999887
 62 0.05 0.0009926723121036088 14.909999999999727
 62 0.15000000000000002 0.0008745949955739473 12.949999999999768
 62 0.2 0.0009158800470995419 18.24000000000005
 62 0.35000000000000003 0.0009692900105058215 19.25000000000021
 62 0.45 0.0009648662355528621 8.939999999999854
 62 0.5 0.000624756166091422 7.3599999999998875
 62 0.55 0.0009414524701721556 17.92
 62 0.6000000000000001 0.0008474538982955414 12.41999999999978
 62 0.6500000000000001 0.0005957683773618913 8.309999999999867
 62 0.7500000000000001 0.0009813178494184 15.269999999999719
 62 0.8 0.0009306051586539655 12.669999999999774
 62 0.8500000000000001 0.0009654732427508115 11.829999999999792
 62 0.9000000000000001 0.000950967507841914 7.669999999999881
 62 0.9500000000000001 0.000804705535192492 8.859999999999856
 62 1.0 0.0009047807559095546 17.39999999999992
 63 0.1 0.0009190060780192668 11.699999999999795
 63 0.15000000000000002 0.0008887108824451718 19.100000000000186
 63 0.2 0.0008880930678203292 9.719999999999837
 63 0.35000000000000003 0.0006742793817289068 9.319999999999846
 63 0.4 0.0005916636477908702 8.65999999999986
 63 0.45 0.000804021075074237 9.56999999999984
 63 0.5 0.0008196610785912382 10.809999999999814
 63 0.55 0.0008966701212741574 10.51999999999982
 63 0.6000000000000001 0.000830579545864294 11.739999999999794
 63 0.6500000000000001 0.0008042909155542295 11.239999999999805
 63 0.7000000000000001 0.0008242065333209071 14.569999999999734
 63 0.8 0.0007727208167564242 7.809999999999878
 63 0.8500000000000001 0.0009081965765939749 14.569999999999734
 63 0.9000000000000001 0.0008301305083220099 7.899999999999876
 63 0.9500000000000001 0.0007251200850567029 11.329999999999803
 64 0.1 0.0009289887338122282 19.810000000000297
 64 0.15000000000000002 0.0009331480125825842 16.42999999999977
 64 0.2 0.0007360960607673245 9.489999999999842
 64 0.25 0.0007512662874514653 9.239999999999847
 64 0.3 0.000692317043450924 9.12999999999985
 64 0.4 0.0008689222627129774 14.859999999999728
 64 0.45 0.0008345303681000718 14.689999999999731
 64 0.6000000000000001 0.0005249951801438668 8.479999999999864
 64 0.7000000000000001 0.0009174781861374528 18.5600000000001
 64 0.8 0.0008591416185548904 12.519999999999778
 64 0.8500000000000001 0.0008801322765963558 17.950000000000006
 64 0.9500000000000001 0.0004474247846353278 6.409999999999908
 64 1.0 0.0009217346925317665 13.879999999999749
 65 0.05 0.0008820593552125311 16.81999999999983
 65 0.1 0.000998849051275957 16.209999999999734
 65 0.25 0.0007853332568268775 10.01999999999983
 65 0.3 0.0009374784027519626 15.19999999999972
 65 0.4 0.0008607090475906948 15.67999999999971
 65 0.55 0.0009497325756196881 13.569999999999755
 65 0.6000000000000001 0.0009919908932802051 16.68999999999981
 65 0.7000000000000001 0.0006085202400494788 6.179999999999913
 65 0.7500000000000001 0.000942680687477503 13.859999999999749
 65 0.9500000000000001 0.0007589890111005137 8.459999999999864
 65 1.0 0.0008600144431066397 14.869999999999727
 66 0.2 0.0009575717612161148 15.869999999999706
 66 0.3 0.000952660330077433 19.080000000000183
 66 0.4 0.0009196105429109032 13.249999999999762
 66 0.55 0.0009395184314254846 16.799999999999827
 66 0.7500000000000001 0.0009228474043239442 17.57999999999995
 66 0.9500000000000001 0.0009620907969654367 14.879999999999727
 66 1.0 0.0009653861786325427 16.24999999999974
 67 0.05 0.0009741828812122064 10.429999999999822
 67 0.2 0.0008780385785524753 16.68999999999981
 67 0.3 0.0007054609904571093 8.919999999999854
 67 0.4 0.0008140731381362651 8.65999999999986
 67 0.7000000000000001 0.0007260916480894871 6.639999999999903
 67 0.8 0.0009229501982744268 11.749999999999794
 68 0.1 0.0009545940822908565 17.07999999999987
 68 0.8500000000000001 0.0009850353887691653 14.75999999999973
 