-0.10915009564820266 0.4869022985359326 0.4318555948828664 -1.570796089023565 -1.5707894586998927 1.570796396771427 -1.570796042203602 -1.570796571920626 1.105530698097823e-06 -11.351659890468353 20.663024655039933 -15.154431589720408 -1.4352565916177211 -0.00028813174484825063 0.0001094466116986656 1.02
 -0.10915001342248287 0.4869059469915973 0.431855493997791 -1.5707963350466017 -1.5707812219736077 1.5707887719064741 -1.5707981242551199 -1.5707961155019188 1.105532446032953e-06 -10.079126023675906 7.263024061238196 -19.397857410889742 -1.8820803318599224 -0.010377704698182628 0.0003242743210219845 1.03
 -0.10915001342248287 0.4869059469915973 0.431855493997791 -1.570797953075182 -1.5707453200803547 1.5707536195058047 -1.5708077442024564 -1.5707940079555769 1.1055584137054097e-06 -9.314726579248365 -1.748762530363292 -22.38038712830122 -2.2010567465294306 -0.017181524326581966 0.00046323484926898487 1.04
 -0.10915001342248287 0.4869059469915973 0.431855493997791 -1.5708018271905502 -1.5706802007152438 1.5706865096498497 -1.570826133941666 -1.5707899829396572 1.105627617015159e-06 -8.575692721148409 -7.979632640156227 -24.540209851888957 -2.435898850066267 -0.019811340305339282 0.0005060360600634901 1.05
 -0.10915001342248287 0.4869059469915973 0.431855493997791 -1.570825754219256 -1.5704171577402466 1.5703837115108081 -1.5709090196941489 -1.570771923232515 1.1058542375153024e-06 -7.743767908052974 -11.513507722208292 -25.825584471321854 -2.579849075926258 -0.017807164380365365 0.00044481065166952956 1.06
 -0.10915001342248287 0.4869059469915973 0.431855493997791 -1.5708487637887947 -1.5702149502837592 1.5701298089556825 -1.5709782273352717 -1.5707569307036984 1.1059964215576201e-06 -6.896585078085489 -12.240600419314731 -26.115710061635014 -2.619401370364378 -0.01182578599963581 0.00029774880795312793 1.07
 -0.10911399274061595 0.4872992741917459 0.43196526415552783 -1.5708801582998708 -1.5699631195042576 1.5697974833442059 -1.5710684391053356 -1.570737477004009 1.1061438645043609e-06 -5.5955581951519 -13.483167477303176 -26.423650290220316 -2.6606398345437876 -0.003536755737271488 0.00010493036469271833 1.08
 -0.10909629862427239 0.48745206751027315 0.4320320488245075 -1.5709205467452465 -1.5696582445788305 1.5693772779800277 -1.5711819885052902 -1.570713106829806 1.1062758931146277e-06 -4.130694592569901 -15.328114107689457 -26.818457514848536 -2.7112177003273255 0.005053814103991347 -8.773163030032394e-05 1.09
 -0.10909629862427239 0.48745206751027315 0.4320320488245075 -1.571033092743967 -1.5688422525367027 1.568170805479597 -1.5715046909568917 -1.5706445498444896 1.1064128804250117e-06 -2.7489363655475683 -17.960161423730487 -27.405181428101116 -2.7824614961791987 0.012139960291105173 -0.00024142720039495107 1.1
 -0.10909629862427239 0.48745206751027315 0.4320320488245075 -1.571102343867544 -1.56833203846106 1.5673747372331848 -1.571715531897361 -1.570600193730308 1.106401273709423e-06 -1.5230015293694201 -21.771635711519025 -28.3517714683319 -2.8921148127187433 0.016861142903251077 -0.00033992648104472613 1.11
 -0.10909629862427239 0.48745206751027315 0.4320320488245075 -1.57117860793198 -1.5677532418078215 1.5664427902442348 -1.5719607488061786 -1.5705489444453242 1.1063147056233902e-06 -0.5187844255767576 -26.482812282886574 -29.597651951956934 -3.0338345030228586 0.019274606302303928 -0.0003875552709594179 1.12
 -0.10894807959155473 0.4887811250835883 0.43283971908106644 -1.571260962031909 -1.567103478647331 1.5653652924236638 -1.5722424321474495 -1.5704904615892818 1.1061217364272125e-06 -1.0894859399714358 -24.24112548377325 -28.443831489891437 -2.9242254059419204 0.019706134287602674 -0.0003948773007446273 1.1300000000000001
 -0.10894807959155473 0.4887811250835883 0.43283971908106644 -1.571440554938322 -1.5655558161504821 1.5626708430194762 -1.572938644921563 -1.5703476660606137 1.105327164019343e-06 -1.5624761498444122 -22.759028435928222 -27.250405886033278 -2.8096052756771313 0.019268094726670605 -0.0003858667502194652 1.1400000000000001
 -0.10894807959155473 0.4887811250835883 0.43283971908106644 -1.571535241845476 -1.5646491886628615 1.5610240639196098 -1.573359201712715 -1.570262489393281 1.1046871435382855e-06 -2.215402588149853 -7.351008610869586 -14.64564173320136 -1.40269622231133 0.01678676849724055 -0.0003358564433509959 1.1500000000000001
 -0.10894807959155473 0.4887811250835883 0.43283971908106644 -1.5716317787100085 -1.5636578335702902 1.5591875519101492 -1.5738261550566683 -1.5701686504275756 1.103875321817327e-06 -2.2196240846381694 30.051289788372934 17.084233075604306 2.197341000991117 0.0105937013708533 -0.00020648793138793497 1.1600000000000001
 -0.10894807959155473 0.4887811250835883 0.43283971908106644 -1.571729482363489 -1.562578965398579 1.5571634553145381 -1.5743411640251495 -1.5700659544068802 1.1028796773615568e-06 -3.8370925938530167 33.73480202857731 15.974363869014914 2.046518012248926 0.008532611636056038 -0.00015824527877442434 1.1700000000000002
 -0.10871218199927313 0.4918644199382114 0.4353757014770874 -1.5719257325476796 -1.5600994368590797 1.5525501223461697 -1.5755487209341599 -1.569828547891838 1.100556443311973e-06 -8.622907870709616 56.95932624544391 22.374709482622205 2.6856657547104765 0.004839540873622968 -8.879704480365109e-05 1.1800000000000002
 -0.10871218199927313 0.4918644199382114 0.4353757014770874 -1.5720231101200204 -1.5587002445288443 1.5500206846649638 -1.5762357714855062 -1.5696950633961881 1.0993609969034424e-06 -15.052057942399768 90.92853905110837 32.79365299831123 3.7371745544513604 0.0001290851345440015 -8.741925812912136e-06 1.1900000000000002
 -0.10871218199927313 0.4918644199382114 0.4353757014770874 -1.5721195964120058 -1.5571862313255131 1.5473628978346756 -1.5769762841588726 -1.5695521683801132 1.0982296414496773e-06 -23.886892671077334 141.46985952699924 49.54022672068056 5.437884070350953 -0.006526034895266957 9.506001118189298e-05 1.2000000000000002
 -0.10871218199927313 0.4918644199382114 0.4353757014770874 -1.5722149730701354 -1.5555433520189617 1.5445827638018415 -1.5777705153396973 -1.5693998473593602 1.0972432651357167e-06 -36.849984841930834 244.5530680462103 94.23681355444197 10.165926120009182 -0.020966377036856432 0.0003301807126757692 1.2100000000000002
 -0.10849538287623606 0.4969413856696958 0.4389803803575105 -1.5724010594015674 -1.5516683573295076 1.5386234950127138 -1.5795466897083807 -1.569062415476468 1.09620381394393e-06 -29.235956473283373 233.01228542578173 101.33379499599361 10.912268821352558 -0.026695396966466736 0.00045463590354328815 1.2200000000000002
 -0.1084634478659754 0.4980618206652958 0.4394671588337664 -1.5724918912755452 -1.549387123640246 1.5354984464473445 -1.580521061735566 -1.568879102918964 1.0964644738820084e-06 79.92857045411975 -478.0814054984676 -151.1291135167833 -15.77233252900395 0.04524846040008994 -0.0005038341149539458 1.2300000000000002
 -0.1084634478659754 0.4980618206652958 0.4394671588337664 -1.57258156761808 -1.546947137206578 1.5323204464117888 -1.5815420378170542 -1.5686882830795277 1.0973946542591761e-06 22.948587524319368 -148.7134670252259 -46.784928405995686 -4.611050797578218 0.01376605887973856 -0.000105686765895275 1.2400000000000002
 -0.1084634478659754 0.4980618206652958 0.4394671588337664 -1.5726696640082265 -1.5443656529300505 1.5290986660057504 -1.5826296547101073 -1.5684871933143096 1.0987382701443948e-06 11.289763026260351 -81.08932332599703 -25.12401148801039 -2.2873854990177795 0.0066839665247624 -1.249704130491972e-05 1.2500000000000002
 -0.1084634478659754 0.4980618206652958 0.4394671588337664 -1.5728416263015195 -1.538886400332487 1.522580347334932 -1.5850023162191693 -1.5680548319396488 1.1023416925937113e-06 19.47872062880927 -148.8103977420667 -51.60994431319871 -5.098586945017996 0.016404285173995777 -0.0001413944008789492 1.2600000000000002
 -0.10832055093932635 0.5044444139467847 0.44125744497058883 -1.5729257411091764 -1.536045440847106 1.5193110356257975 -1.586272683794741 -1.5678257799473636 1.1044704333329491e-06 5.518018492146227 -58.20176383910437 -20.726382950517696 -1.8129485364149018 0.005038953508536501 -9.56743769844221e-06 1.2700000000000002
 -0.10832055093932635 0.5044444139467847 0.44125744497058883 -1.5730087265940984 -1.5331575100815318 1.5160430816573047 -1.5875936677532874 -1.5675889810607107 1.1067470166992166e-06 10.335420696863762 -98.19461540703057 -36.10953556659969 -3.4629654516567383 0.011370552986985822 -9.493531343694076e-05 1.2800000000000002
 -0.10832055093932635 0.5044444139467847 0.44125744497058883 -1.573090614009729 -1.5302291205110183 1.5127801784639496 -1.5889637106886596 -1.5673447170901706 1.1091517091443848e-06 5.991102266242191 -71.86112306246815 -27.6327503738446 -2.5592380305145697 0.008041807085771615 -6.334205399287989e-05 1.2900000000000003
 -0.10832055093932635 0.5044444139467847 0.44125744497058883 -1.57325072377402 -1.5242832926290077 1.5062892050720027 -1.5918662215009673 -1.5668319418719419 1.114213624475724e-06 4.676616403327277 -64.67337840464629 -25.372446260190117 -2.315248904072944 0.00719370492381869 -5.631801218541003e-05 1.3000000000000003
 -0.10832055093932635 0.5044444139467847 0.44125744497058883 -1.5733291943293288 -1.5212845566470934 1.5030635337584028 -1.593386969446657 -1.5665655248096186 1.1168235927172532e-06 2.904997369570851 -49.79819016894862 -19.24691392375717 -1.639067056416582 0.004451295776331892 -1.2209811737764062e-05 1.3100000000000003
 -0.10820317445103222 0.5114235222283163 0.44241599884149374 -1.5734066991441056 -1.5182746901630058 1.4998525177360422 -1.5949495390029211 -1.5662932859152336 1.1194676474701737e-06 1.757037812404384 -40.57283082947452 -15.5205109667665 -1.2273753325897496 0.00265510803687186 1.7762517137280356e-05 1.3200000000000003
 -0.10820317445103222 0.5114235222283163 0.44241599884149374 -1.5734832608286045 -1.5152561660557202 1.4966579941784754 -1.5965524650197755 -1.566015587550904 1.122140063536392e-06 1.3059429696110956 -37.38133822350649 -14.231600505878902 -1.083391153033089 0.001975554166547852 3.1511863867396674e-05 1.3300000000000003
 -0.10820317445103222 0.5114235222283163 0.44241599884149374 -1.5736332125266577 -1.5091982242211586 1.490338844300858 -1.5998903412965877 -1.5654433829617327 1.1275717168857113e-06 1.110014124304669 -36.396726338713705 -13.832621893092597 -1.0374066194201064 0.0017351950272034835 3.8837835349277856e-05 1.3400000000000003
 -0.10820317445103222 0.5114235222283163 0.44241599884149374 -1.5737068091889261 -1.5061629993208303 1.4872162831765543 -1.6016146951415031 -1.5651507725470193 1.1303362494885505e-06 1.0088156225653127 -36.213607792046965 -13.755183237896215 -1.0270241113000733 0.001723576064387485 4.350661693411721e-05 1.3500000000000003
 -0.10820317445103222 0.5114235222283163 0.44241599884149374 -1.5737795615250256 -1.5031252136501783 1.4841196643935577 -1.6033718216108328 -1.5648546230562026 1.1331390679103492e-06 0.9438391586630897 -36.31747141930161 -13.791466229340797 -1.0294088851999252 0.0018357090123246461 4.694104505047733e-05 1.3600000000000003
 -0.1080881723273307 0.5200094806185867 0.4433316226283883 -1.5738514869573974 -1.5000857385118262 1.481050632931205 -1.6051601962879394 -1.5645553241731402 1.1359856744164176e-06 0.8934540905263111 -36.52040310793184 -13.865819564250595 -1.0362488159734142 0.0019687483737704627 4.967702307827533e-05 1.3700000000000003
 -0.1080881723273307 0.5200094806185867 0.4433316226283883 -1.5739925430127437 -1.4940056931031762 1.475018236874928 -1.6088369946976275 -1.5639480480945478 1.141826391659606e-06 0.8497020302575474 -36.75397594624719 -13.95089874403312 -1.0445477266882477 0.002107621789320081 5.1924617797138845e-05 1.3800000000000003
 -0.1080881723273307 0.5200094806185867 0.4433316226283883 -1.5740618491034581 -1.490967180121876 1.4720535764786105 -1.6107163590596354 -1.5636415451878252 1.1448257053459088e-06 0.809299166629313 -36.98677073687657 -14.032910429558047 -1.0522054752981154 0.002242113429413113 5.4229834681804677e-05 1.3900000000000003
 -0.1080881723273307 0.5200094806185867 0.4433316226283883 -1.57413040369729 -1.4879305581001843 1.4691231748934142 -1.6126193798424246 -1.5633337678075856 1.1478832071531997e-06 0.9040383357724039 -38.344732689616805 -14.536806407739908 -1.1065262646067708 0.00263241780634406 5.2987259818007386e-05 1.4000000000000004
 -0.10799190844401574 0.5286137333027392 0.4436808407673498 -1.574198219959496 -1.4848964566244236 1.4662281045000451 -1.6145445315735838 -1.5630250762749194 1.1510042448037439e-06 1.0850177074843328 -40.367076388314445 -15.273135238457268 -1.1869758912218982 0.003174618921708883 4.954765098111342e-05 1.4100000000000004
 -0.10799190844401574 0.5286137333027392 0.4436808407673498 -1.5743313433910622 -1.478841486826088 1.460567435581293 -1.6184628761946316 -1.5624066471682303 1.1574466531882877e-06 1.3645858817085847 -43.136686724155105 -16.264539737110695 -1.296185366336574 0.0038875676529055844 4.3797886289976184e-05 1.4200000000000004
 -0.10799190844401574 0.5286137333027392 0.4436808407673498 -1.5743968021568122 -1.4758226166894088 1.4577981006440686 -1.6204484607091443 -1.56209792663861 1.1607674714753102e-06 1.7838530364660286 -46.98163642255424 -17.62512526239824 -1.446994817666856 0.004847584995456374 3.490623619759083e-05 1.4300000000000004
 -0.10799190844401574 0.5286137333027392 0.4436808407673498 -1.57446157976241 -1.4728110059249362 1.4550685038209332 -1.6224484836608042 -1.5617900022881317 1.164155664312716e-06 2.4020048058308667 -52.37007214856941 -19.516920030145315 -1.6577228507635193 0.006163515458206648 2.1686468679837397e-05 1.4400000000000004
 -0.10799190844401574 0.5286137333027392 0.4436808407673498 -1.5745256863033354 -1.469808210946172 1.45237949619918 -1.6244614197909728 -1.561483198638328 1.1676115452274871e-06 3.304329901033624 -59.96407240249345 -22.16666703740007 -1.9537985015358 0.007986945445143348 2.7647268711942574e-06 1.4500000000000004
 -0.10790528657486631 0.5370998046669115 0.4433659594882624 -1.574651608965624 -1.4638468815165098 1.447149421126162 -1.6285232886273988 -1.5608754397451268 1.1747068446865683e-06 4.613661690220068 -70.6831624041101 -25.882390223487594 -2.3685262391811053 0.010519374543891555 -2.248684937741537e-05 1.4600000000000004
 -0.10790528657486631 0.5370998046669115 0.4433659594882624 -1.5747135595962458 -1.4608954833264498 1.444604773716236 -1.6305662718395544 -1.5605750642213625 1.1783288407229975e-06 6.509517422166528 -85.85622280604957 -31.115714540795373 -2.955167113688674 0.01406922794484238 -5.8115848039960665e-05 1.4700000000000004
 -0.10790528657486631 0.5370998046669115 0.4433659594882624 -1.5747748844447642 -1.4579695116428546 1.4421069924447805 -1.6326146297848236 -1.5602773281448687 1.1819856631234416e-06 9.256494107936474 -107.32473892023347 -38.47694809932773 -3.7852101368036712 0.01905105414154794 -0.00010833400134787119 1.4800000000000004
 -0.10790528657486631 0.5370998046669115 0.4433659594882624 -1.5748355919085908 -1.455075112611489 1.4396581514213809 -1.6346667943362991 -1.5599825159187182 1.185660931213306e-06 13.253783822621866 -137.63092744074876 -48.788041947424404 -4.95744195484151 0.026053774252573228 -0.00017933954710536352 1.4900000000000004
 -0.10782112590248494 0.5452152469565779 0.4425047556706059 -1.5749548958720796 -1.4494511406797104 1.4349497337019397 -1.6387743426885502 -1.5594048013315707 1.1929554490919259e-06 19.095951599159676 -180.2218152516956 -63.121680818572855 -6.605973296436005 0.035832776479494455 -0.000279419574898977 1.5000000000000004
 -0.10780706356464498 0.546481963126159 0.44235324241383167 -1.575013613711814 -1.4467515007723986 1.432693504088534 -1.640824491061827 -1.559122073611121 1.1965052575391155e-06 -16.17815984795938 137.80553607705687 58.12963756850058 7.050851973967611 -0.04322036592411645 0.0007849851497699103 1.5100000000000005
 -0.10780706356464498 0.546481963126159 0.44235324241383167 -1.5750717506874174 -1.4441224488720072 1.4305082916335374 -1.6428694330946225 -1.5588435837403338 1.199943985064067e-06 6.066690654946029 -78.44817723027836 -28.47314686276449 -2.6942921921719796 0.012642716259543964 -3.7711410434351814e-05 1.5200000000000005
 -0.10780706356464498 0.546481963126159 0.44235324241383167 -1.575129312809434 -1.4415533427208853 1.4283998343397748 -1.6449071835778 -1.5585695731579259 1.2033498748564853e-06 -11.978390587025224 59.21582169880027 18.795957693718023 2.7377013971389275 -0.018801351512085982 0.00031789098811286733 1.5300000000000005
 -0.10780706356464498 0.546481963126159 0.44235324241383167 -1.5752424643926473 -1.4366240757516175 1.4244515340908652 -1.6489475388297024 -1.5580385855396859 1.2101020763211068e-06 0.74729761297664 -52.38559261050435 -23.752917890995246 -2.1103411658388773 0.008915006405167365 -6.214458724140478e-05 1.5400000000000005
 -0.1077355347891994 0.5523670462935706 0.4415005652089439 -1.5752981656609801 -1.4342361648637976 1.4225894437831936 -1.650947463023046 -1.5577813535054563 1.2134910560845924e-06 -4.576034245339674 -10.744917586281364 -9.16756596618983 -0.4205945875986047 -0.0005641781447878304 5.533902427842452e-05 1.5500000000000005
 -0.1077355347891994 0.5523670462935706 0.4415005652089439 -1.5753533239877253 -1.4318933171588366 1.420792172352539 -1.6529325561036856 -1.5575295911986293 1.2168894372166505e-06 -2.4282477665642643 -27.78078279666703 -15.334117159122599 -1.1318783383339037 0.0035807976407821896 4.3571678839808456e-06 1.5600000000000005
 -0.1077355347891994 0.5523670462935706 0.4415005652089439 -1.575407945756882 -1.4295915412586968 1.419055439956943 -1.6549014446239623 -1.5572834548983723 1.2203047585757076e-06 -2.4332059302604523 -27.91509554587678 -15.507196416393779 -1.149776067788131 0.0038050265337265304 2.0813432645799983e-06 1.5700000000000005
 -0.1077355347891994 0.5523670462935706 0.4415005652089439 -1.575515350550119 -1.4251163228443158 1.4157696919296354 -1.658774595069989 -1.556811690617657 1.2271879423764176e-06 -2.0065114880462875 -31.56929556594513 -16.961767378262596 -1.3174352838692367 0.0048289130473506536 -1.0962982957968e-05 1.5800000000000005
 -0.1077355347891994 0.5523670462935706 0.4415005652089439 -1.5755682389885388 -1.422930355398071 1.4142008672549826 -1.6606784506003587 -1.556585393120212 1.2306541039563967e-06 -1.704404832972503 -34.411111779972785 -18.167535957948683 -1.4561611717074443 0.0056624824815496655 -2.2078943555086583e-05 1.5900000000000005
 -0.10764372682296297 0.5586661698643085 0.44011794026717665 -1.575620622428092 -1.4207742907980183 1.4126732987604802 -1.662559923972605 -1.5563652737683462 1.2341332418230877e-06 -1.445067258824639 -37.08542383660428 -19.354190529009546 -1.5924005188448311 0.006448794747420928 -3.2950612788025294e-05 1.6000000000000005
 -0.10764372682296297 0.5586661698643085 0.44011794026717665 -1.5756725070189335 -1.418646494506346 1.4111832157457211 -1.6644178723798992 -1.5561514022855807 1.2376224907129085e-06 -1.2268680543099988 -39.61158854359403 -20.530255515057306 -1.7268888053228326 0.0071900474664248724 -4.349361042739966e-05 1.6100000000000005
 -0.10764372682296297 0.5586661698643085 0.44011794026717665 -1.5757745673605088 -1.4144814886073807 1.408310865958696 -1.668044682345725 -1.5557458212103334 1.2446100923213521e-06 -1.0439655881704455 -42.038416973703875 -21.71374105710785 -1.861577699967972 0.007894818152380632 -5.3718373414507347e-05 1.6200000000000006
 -0.10764372682296297 0.5586661698643085 0.44011794026717665 -1.5758248412542049 -1.4124368138965044 1.4069123204692149 -1.6698147741034877 -1.555553125648487 1.2480988411667227e-06 -0.8913302920368816 -44.40603927861481 -22.918702367086862 -1.9980461361149158 0.008569572185290468 -6.362009312883005e-05 1.6300000000000006
 -0.10764372682296297 0.5586661698643085 0.44011794026717665 -1.5758746459621529 -1.4104146881922066 1.4055315588696669 -1.6715560015956772 -1.5553668106467455 1.2515747798147459e-06 -0.7608427191699408 -46.495932942748794 -23.987264505317633 -2.1191698826874674 0.009138292118299328 -7.128494783397289e-05 1.6400000000000006
 -0.10754202406059654 0.5643917013846675 0.4384953262107485 -1.5759239871918833 -1.4084143056501546 1.4041643623703752 -1.673267349578234 -1.5551868653427654 1.2550294847812893e-06 -0.5515361988585583 -40.57865615761007 -19.77148583353678 -1.6626098012428734 0.007192781617555614 -2.0403348306405935e-05 1.6500000000000006
 -0.1075239893253983 0.5653023269080308 0.4382251560330601 -1.5760210817746874 -1.4044855207314217 1.401454290301209 -1.6765793735895915 -1.5548490847790148 1.2618430700328531e-06 -0.36724950964656855 -35.60808345795592 -16.210460499319044 -1.277488422532657 0.005634576473845027 1.9203059970855663e-05 1.6600000000000006
 -0.1075239893253983 0.5653023269080308 0.4382251560330601 -1.5760689261875998 -1.4025521311159377 1.4001054491491507 -1.6781825864771553 -1.5546900540280912 1.2651983158917801e-06 -0.24937209183398507 -32.56241412931616 -14.022912441525229 -1.0417341432349876 0.004756293817842752 4.063947233768608e-05 1.6700000000000006
 -0.1075239893253983 0.5653023269080308 0.4382251560330601 -1.5761163344522 -1.400637649420906 1.3987600764032662 -1.6797511231991242 -1.5545371508312051 1.2685162156245156e-06 -0.17744970179252798 -31.254866691929042 -13.044614348341216 -0.9380071171262194 0.004443827943549387 4.751091148819444e-05 1.6800000000000006
 -0.1075239893253983 0.5653023269080308 0.4382251560330601 -1.5761633118045868 -1.3987416606269605 1.397418451929144 -1.681284121568945 -1.5543902954206725 1.2717965560682387e-06 -0.13217785592035375 -31.011756217572664 -12.802471558507234 -0.9149750760099435 0.004457828409738382 4.61352895914646e-05 1.6900000000000006
 -0.1074292289441694 0.5696960771156003 0.43693877201267006 -1.5762557897378002 -1.3950121652685734 1.394752316243391 -1.6842209240632258 -1.5541171688955648 1.278254411651858e-06 -0.10139145299270254 -31.2990890041605 -12.928737949163557 -0.9325593495053202 0.004622246946022424 4.1042947138134175e-05 1.7000000000000006
 -0.1074292289441694 0.5696960771156003 0.43693877201267006 -1.5763013747771915 -1.39317476432758 1.3934290757307393 -1.6856289101158488 -1.5539896028949194 1.2814392835736044e-06 -0.07872388086534594 -31.80832259599423 -13.212693178708601 -0.9677040943506017 0.00483990183322878 3.4706541297362804e-05 1.7100000000000006
 -0.1074292289441694 0.5696960771156003 0.43693877201267006 -1.5763465539215487 -1.3913542064522453 1.3921130298094138 -1.686997844890092 -1.5538675374527395 1.2845954273643656e-06 -0.0610173250019486 -32.38180359936788 -13.547102897827061 -1.0086159120094986 0.0050632911218319665 2.8321971488006955e-05 1.7200000000000006
 -0.1074292289441694 0.5696960771156003 0.43693877201267006 -1.576391331959889 -1.389550216253733 1.3908047826862866 -1.6883271718914825 -1.553750839433512 1.2877234016883676e-06 -0.04667168735988768 -32.943739489548435 -13.880393498934987 -1.0495780509446875 0.005270876839644888 2.2421609828568222e-05 1.7300000000000006
 -0.1074292289441694 0.5696960771156003 0.43693877201267006 -1.5764795129041609 -1.3859986673976845 1.388218570511654 -1.6908442561459234 -1.5535353466796602 1.2939007429935145e-06 -0.03481289629550322 -33.459921740609715 -14.189072310814666 -1.087950480947877 0.005453883875533489 1.721281651413166e-05 1.7400000000000007
 -0.10730654075633683 0.574628009048731 0.43546141303982 -1.5765229942263135 -1.3842477584822 1.3869401863132804 -1.6920376243195836 -1.553435260493707 1.2969539300300426e-06 -0.024904709374994335 -33.916949433609 -14.463614898759205 -1.1226309207860194 0.0056097066568012825 1.2746699184780825e-05 1.7500000000000007
 -0.10730654075633683 0.574628009048731 0.43546141303982 -1.5765660973318187 -1.3825122349150814 1.3856714745052265 -1.693189353037143 -1.553339773404506 1.2999827312398793e-06 -0.016580002494832016 -34.31184598974329 -14.701465808296712 -1.15328952460073 0.005738665830996524 9.000689643986253e-06 1.7600000000000007
 -0.10730654075633683 0.574628009048731 0.43546141303982 -1.5766088266056766 -1.3807918874301812 1.3844126280006046 -1.6942991638747245 -1.5532487165992563 1.3029868393132915e-06 -0.009562545653338488 -34.64685598935299 -14.90355914797549 -1.1799872351344547 0.0058424372881527515 5.9187424251153005e-06 1.7700000000000007
 -0.10730654075633683 0.574628009048731 0.43546141303982 -1.5766930030675157 -1.3774030962725181 1.3819301815603966 -1.696370768141346 -1.553081036761224 1.308923093468195e-06 -0.0036326275415013588 -34.9267876308959 -15.072557379632833 -1.2029818263803203 0.005923269749553145 3.4313211822973006e-06 1.7800000000000007
 -0.10717680278730102 0.5791999380702473 0.4339467013263463 -1.5767345231596703 -1.3757316507407342 1.380705043930269 -1.6973392051043463 -1.553003214780336 1.311857200647637e-06 0.0013886226097277604 -35.15761352493786 -15.211932501482938 -1.222626182207122 0.005983589287741276 1.465476715906134e-06 1.7900000000000007
 -0.10717680278730102 0.5791999380702473 0.4339467013263463 -1.576775690394725 -1.374074439251328 1.379490066950031 -1.6982649784360007 -1.5529289243070963 1.314767570370634e-06 0.005647099891343538 -35.34570200880293 -15.325464916270606 -1.239312424105601 0.006025796371527857 -5.0027694327479274e-08 1.8000000000000007
 -0.10717680278730102 0.5791999380702473 0.4339467013263463 -1.576816508793092 -1.3724312885853873 1.378285224670397 -1.6991480496939584 -1.5528579790364985 1.3176538598003162e-06 0.010377103376901082 -35.56620233720647 -15.462244382006443 -1.2650030869251663 0.006078074253323788 -4.053096469380882e-06 1.8100000000000007
 -0.10717680278730102 0.5791999380702473 0.4339467013263463 -1.5768969488026983 -1.369193179803803 1.3759106752065478 -1.7007651048535255 -1.5527266453722746 1.32335631430891e-06 0.014522639501654246 -35.7809393323409 -15.59786827155829 -1.2928377973676706 0.0061246045791537385 -8.610079882841233e-06 1.8200000000000007
 -0.10717680278730102 0.5791999380702473 0.4339467013263463 -1.5769366382749883 -1.367595473455209 1.3747390749980761 -1.701507075499216 -1.5526652201564275 1.3261740869907612e-06 0.017534210125732717 -35.96312223109773 -15.714677587006067 -1.3177794354004868 0.006155128047864772 -1.2447409211163715e-05 1.8300000000000007
 -0.10704363894355429 0.583427931827158 0.4323465289530717 -1.5769759981481926 -1.3660110243452985 1.3735772406759459 -1.7022078421881046 -1.5526061995107518 1.3289688354234386e-06 0.019522862889077463 -36.11774891895757 -15.815625224680174 -1.340150163508541 0.006171706776044429 -1.5684278886545613e-05 1.8400000000000007
 -0.10702137698289438 0.584101462953621 0.4320709769530522 -1.577015032110591 -1.3644396813573847 1.3724250740481017 -1.702868137960726 -1.5525493966615276 1.33174053829066e-06 0.019773501880491855 -36.170140918982355 -15.85017414921123 -1.3467721302076447 0.0061486241646074215 -1.531938197760375e-05 1.8500000000000008
 -0.10702137698289438 0.584101462953621 0.4320709769530522 -1.5770919814971691 -1.3613419684955925 1.370153942272002 -1.70405257039035 -1.5524424238189685 1.337218002994689e-06 0.01973644721814241 -36.20993472462943 -15.877132638976416 -1.3523451962624773 0.0061196059682290605 -1.4904332112016836e-05 1.8600000000000008
 -0.10702137698289438 0.584101462953621 0.4320709769530522 -1.5771299601601685 -1.3598130545276819 1.3690330948086604 -1.7045858026941119 -1.552391425960975 1.339925706389522e-06 0.019444361522161262 -36.24011433568904 -15.898334251850569 -1.3570807061546684 0.006084434513930561 -1.4471671231651483e-05 1.8700000000000008
 -0.10702137698289438 0.584101462953621 0.4320709769530522 -1.5771676305640874 -1.358296534072438 1.367921387798126 -1.7050831599474332 -1.5523417421952361 1.3426127285498524e-06 0.018930391330639885 -36.26311930135462 -15.915270161411529 -1.3611496828294423 0.006044070791705122 -1.4048296010419088e-05 1.8800000000000008
 -0.10691088868180121 0.5873376985513683 0.43065896282384597 -1.5772049960935313 -1.3567922715653076 1.3668187156949587 -1.7055455992789286 -1.5522931995734979 1.3452796610025075e-06 0.01822106592387697 -36.28089430066853 -15.929124678457221 -1.364690247751475 0.005999343397278733 -1.3656678107523459e-05 1.8900000000000008
 -0.10691088868180121 0.5873376985513683 0.43065896282384597 -1.577278680420454 -1.3538258398108072 1.364644360200816 -1.706354234182415 -1.5521990829962196 1.3505586382578372e-06 0.017346150645259684 -36.29493946774939 -15.940804323173456 -1.367810480456174 0.005951006229677747 -1.3315782796757293e-05 1.9000000000000008
 -0.10691088868180121 0.5873376985513683 0.43065896282384597 -1.5773150582185709 -1.3523613018485818 1.3635709168274026 -1.7067087744234852 -1.5521529132978706 1.353173079365888e-06 0.016330185842870854 -36.30637164503062 -15.950975810302811 -1.3705923371525104 0.005899712426802279 -1.3040818695455493e-05 1.9100000000000008
 -0.10691088868180121 0.5873376985513683 0.43065896282384597 -1.5773511473447268 -1.3509083773140702 1.362506005820328 -1.707033344261486 -1.5521070811585709 1.3557714382272934e-06 0.015196330361305445 -36.31599133047899 -15.960107064620171 -1.3730959916156484 0.005846044644903455 -1.2843759081007666e-05 1.9200000000000008
 -0.10691088868180121 0.5873376985513683 0.43065896282384597 -1.5773869509062743 -1.3494669428915929 1.3614495321711475 -1.707328956761775 -1.552061438760381 1.3583547326945222e-06 0.013966705569205167 -36.32434717228457 -15.968507602760468 -1.3753641611690655 0.005790528396066876 -1.2733619989649812e-05 1.9300000000000008
 -0.10678214420170484 0.5909622366063751 0.42890624181548165 -1.577457577218916 -1.3466235513481912 1.359365552324176 -1.7078250942020503 -1.5519699613994664 1.3634824940211843e-06 0.012662540135553098 -36.33179479965955 -15.976365731664151 -1.3774261231829916 0.005733643051017212 -1.2716699690295237e-05 1.9400000000000008
 -0.10678214420170484 0.5909622366063751 0.42890624181548165 -1.5774924550820284 -1.3452193815399625 1.3583364152565718 -1.7080330674612325 -1.5519237660447853 1.3660292461636914e-06 0.011304188062900147 -36.33854785610449 -15.983781046249561 -1.3793012405330416 0.005675830562712843 -1.2796784942927623e-05 1.9500000000000008
 -0.10678214420170484 0.5909622366063751 0.42890624181548165 -1.5775270622568662 -1.343826113152514 1.3573152702028697 -1.7082172304752552 -1.551877105177697 1.368565424542112e-06 0.009911075917908695 -36.344720346087335 -15.990791537882604 -1.3810019089298204 0.0056175021160828325 -1.2975331960576405e-05 1.9600000000000009
 -0.10678214420170484 0.5909622366063751 0.42890624181548165 -1.5775614015961983 -1.342443633221997 1.3563020329619162 -1.708378621812301 -1.551829864056681 1.3710921624721095e-06 0.008501618961924157 -36.35036033092364 -15.997395250231934 -1.3825359110757163 0.0055590429851071895 -1.3251630620459012e-05 1.9700000000000009
 -0.10666036308456822 0.5943360951754493 0.4271154378859332 -1.5776291599875174 -1.3397157560047637 1.354302734312812 -1.7086280754525776 -1.551732705727348 1.3761234827214253e-06 0.007093132141991869 -36.35547563063994 -16.003566845182537 -1.3839082123953423 0.005500815901387979 -1.362295984452133e-05 1.9800000000000009
 -0.10664090415874966 0.5948763625044968 0.4268152199866706 -1.5776626305804422 -1.3383682872725284 1.3533151535294916 -1.7087225760376672 -1.5516826479371044 1.3786297632378819e-06 0.005701751224082511 -36.3600525490971 -16.009269694821658 -1.3851222633086215 0.0054431632273899185 -1.4084740732123963e-05 1.9900000000000009
 -0.10664090415874966 0.5948763625044968 0.4268152199866706 -1.5776958469951001 -1.3370310665161673 1.3523350817975688 -1.7087995016054043 -1.5516315329223502 1.38113052372546e-06 0.004342371594282494 -36.36406879621976 -16.014464232392356 -1.386180887613582 0.00538640819786543 -1.4630692390668895e-05 2.000000000000001
 -0.10664090415874966 0.5948763625044968 0.4268152199866706 -1.5777288118503057 -1.3357039898475325 1.351362442923044 -1.70885988681757 -1.5515792832366255 1.3836267473976704e-06 0.0030286070354112447 -36.367501791814625 -16.019113313322887 -1.3870868397216385 0.00533085545562756 -1.5252993756102409e-05 2.0100000000000007
 -0.10664090415874966 0.5948763625044968 0.4268152199866706 -1.5777938768353579 -1.333084717777811 1.3494427240381013 -1.7089290689727754 -1.5514703987738212 1.3886105207916444e-06 0.0017727675619091817 -36.3703334511229 -16.023185290673506 -1.387843109041988 0.005276791069818076 -1.5942453192985076e-05 2.0200000000000005
 -0.10654754988310305 0.597493397273646 0.42531404782777993 -1.5778260252278704 -1.3317905798854985 1.3484942210442856 -1.708943214345335 -1.551413812628284 1.391098921388334e-06 0.0005858536734165329 -36.372552414242975 -16.026655425025165 -1.3884530408722484 0.005224482190066737 -1.668868639558671e-05 2.0300000000000002
 -0.10654754988310305 0.597493397273646 0.42531404782777993 -1.5778579345991393 -1.3305060883129771 1.3475527867257222 -1.708945923110523 -1.551355804661192 1.3935853617752514e-06 -0.0005224362912892135 -36.37415452047097 -16.029506147494278 -1.3889203320853007 0.005174176460128225 -1.748030210028147e-05 2.04
 -0.10654754988310305 0.597493397273646 0.42531404782777993 -1.5778896073535336 -1.3292311472720701 1.346618351049309 -1.7089381984801255 -1.5512963353537756 1.3960704681181824e-06 -0.0015436890190988109 -36.37514216558549 -16.03172659049557 -1.3892489483731008 0.00512610129000332 -1.8305094353113933e-05 2.05
 -0.10654754988310305 0.597493397273646 0.42531404782777993 -1.577952139150156 -1.3267141172705363 1.3447735547285733 -1.7088923013324218 -1.5511720983062336 1.4010397579866662e-06 -0.002470752219275291 -36.375523028677996 -16.033311703321083 -1.3894429989052153 0.005080463065744904 -1.9150239525250702e-05 2.0599999999999996
 -0.10654754988310305 0.597493397273646 0.42531404782777993 -1.577983043447416 -1.3254702040994948 1.3438618576168757 -1.708858341579429 -1.5511075272098358 1.4035238740106593e-06 -0.003297706076160657 -36.3753085226111 -16.034261183715387 -1.3895065946036775 0.005037446360309523 -2.0002495897379627e-05 2.0699999999999994
 -0.10644473768300777 0.6004655767304963 0.4235288984947698 -1.5780137226424644 -1.3242353820115662 1.342956823119545 -1.708818827751478 -1.5510413920232322 1.406007494431094e-06 -0.004019831827261217 -36.374512211978676 -16.034578384834056 -1.389443708129066 0.0049972131961366194 -2.0848403408389654e-05 2.079999999999999
 -0.10644473768300777 0.6004655767304963 0.4235288984947698 -1.5780441789439559 -1.3230095625126124 1.3420583864742541 -1.7087747065311687 -1.5509736886191474 1.4084907720146589e-06 -0.004633578532620807 -36.37314835458588 -16.034269299560943 -1.3892580471686211 0.00495990239985648 -2.167448105433458e-05 2.089999999999999
 -0.10644473768300777 0.6004655767304963 0.4235288984947698 -1.5781043246942872 -1.3205889013185992 1.3402842168140996 -1.7086760240592485 -1.5508328193376801 1.4134572445811955e-06 -0.005136528576036317 -36.37123065561569 -16.033341680324682 -1.3889529476374678 0.004925629081075094 -2.2467419407699817e-05 2.0999999999999988
 -0.10644473768300777 0.6004655767304963 0.4235288984947698 -1.578134056640267 -1.3193923442214386 1.3394072267280066 -1.7086245272254414 -1.5507599510602406 1.4159395851365275e-06 -0.005527362036322737 -36.36877127498289 -16.03180432059795 -1.3885312897650546 0.0048944842600853345 -2.3214265785875366e-05 2.1099999999999985
 -0.10644473768300777 0.6004655767304963 0.4235288984947698 -1.5781635762756148 -1.3182043648677588 1.3385365234090765 -1.7085729600588397 -1.5506855765171457 1.4184206431622215e-06 -0.00580581977560087 -36.36578009498639 -16.029666502298184 -1.3879954375312038 0.004866534663296049 -2.3902599717864876e-05 2.1199999999999983
 -0.10635198275835922 0.6032821511476167 0.42178529060350356 -1.57819288563128 -1.3170248813634418 1.3376720468630685 -1.7085221906013084 -1.5506097218961568 1.420900079374121e-06 -0.005972664911187219 -36.362264234033674 -16.02693759928109 -1.3873472003093175 0.004841822699907593 -2.452069652859375e-05 2.129999999999998
 -0.10635198275835922 0.6032821511476167 0.42178529060350356 -1.5782507805756794 -1.3146951579908723 1.3359645271643759 -1.7084286160684101 -1.5504530343188847 1.4258530036670436e-06 -0.006029642244864259 -36.3582277800848 -16.023626819159357 -1.3865878146566792 0.004820366628716626 -2.5057677071684936e-05 2.139999999999998
 -0.10635198275835922 0.6032821511476167 0.42178529060350356 -1.5782794061331753 -1.3135433030298138 1.3351203002988 -1.7083877458953927 -1.5503725516320257 1.428325115071516e-06 -0.0059794352069440565 -36.353671711920605 -16.019743062090747 -1.3857179437710734 0.004802160919767568 -2.550364188628018e-05 2.1499999999999977
 -0.10635198275835922 0.6032821511476167 0.42178529060350356 -1.578307831150184 -1.312399550439653 1.3342820118845102 -1.7083517663749967 -1.550290785075604 1.4307931763823944e-06 -0.00582561990871953 -36.348593975286924 -16.015294874571648 -1.3847376920505248 0.004787176811779713 -2.5849788323974542e-05 2.1599999999999975
 -0.10628185041395832 0.6055297369675274 0.42038093992630965 -1.5783360574971343 -1.3112638243176722 1.3334496062924401 -1.708321448181147 -1.5502077842976822 1.4332564060026698e-06 -0.005572615963715134 -36.34298968275737 -16.01029047754551 -1.3836466323234622 0.0047753630627930255 -2.6088509481220282e-05 2.1699999999999973
 -0.10625545132250469 0.6064067918360689 0.41983470908620135 -1.5783918260988692 -1.3090200086838113 1.3318050508027834 -1.7082851764005262 -1.5500377965602743 1.4381656807671561e-06 -0.0052256338317871395 -36.33685140943163 -16.004737850415836 -1.3824438435603217 0.004766646888225028 -2.621347407362525e-05 2.179999999999997
 -0.10625545132250469 0.6064067918360689 0.41983470908620135 -1.578419406003694 -1.307910396720236 1.3309917850514248 -1.708280076230138 -1.5499511671468715 1.4406101840336305e-06 -0.004790618542131646 -36.33016956048925 -15.99864485525238 -1.3811279571670452 0.004760935077481112 -2.621968669484795e-05 2.189999999999997
 -0.10625545132250469 0.6064067918360689 0.41983470908620135 -1.5784467962173903 -1.3068084462561682 1.3301841346312218 -1.7082842021607547 -1.5498635967679046 1.4430464663206521e-06 -0.004274189754031709 -36.322932790557836 -15.992019388203525 -1.379697210251011 0.004758115277405545 -2.6103528208246735e-05 2.1999999999999966
 -0.10625545132250469 0.6064067918360689 0.41983470908620135 -1.5784739984660634 -1.3057140868403847 1.3293820479036063 -1.7082982124707806 -1.5497751507110333 1.445473427175159e-06 -0.0036835782127962392 -36.315128458444924 -15.98486954762103 -1.3781495045112906 0.00475805742819493 -2.5862776318201266e-05 2.2099999999999964
 -0.10625545132250469 0.6064067918360689 0.41983470908620135 -1.5785277554775998 -1.3035515132481645 1.3277970370620604 -1.7083646700041282 -1.5495956103434283 1.450295711968863e-06 -0.0030265587546407734 -36.30674310381293 -15.977203810535093 -1.3764824696229279 0.004760615334946192 -2.5496606655073013e-05 2.219999999999996
 -0.10619292376839828 0.6085531446032075 0.41851235538364384 -1.5785543457620737 -1.302481862317702 1.327013059902237 -1.7084169634441704 -1.549504841691573 1.4526897018640739e-06 -0.002311380098087772 -36.29776293486061 -15.969031210873805 -1.374693530157367 0.004765628355818112 -2.500557497874901e-05 2.229999999999996
 -0.10619292376839828 0.6085531446032075 0.41851235538364384 -1.5785807563783116 -1.3014194634347511 1.3262343979690954 -1.708482112910831 -1.5494135477174682 1.4550706852745066e-06 -0.0015466917359418177 -36.28817431798572 -15.96036151419576 -1.372779975207817 0.00477292318588846 -2.4391581356786723e-05 2.2399999999999958
 -0.10619292376839828 0.6085531446032075 0.41851235538364384 -1.5786069889231538 -1.3003642511180766 1.3254610032670282 -1.708560653165926 -1.5493218013462613 1.457437392105021e-06 -0.000741468314081447 -36.27796426180157 -15.951205384745471 -1.3707390299750164 0.004782315714238933 -2.3657817401371355e-05 2.2499999999999956
 -0.10619292376839828 0.6085531446032075 0.41851235538364384 -1.5786588403839055 -1.298278585770837 1.3239323606548306 -1.708767672846366 -1.5491371762800101 1.46212405027768e-06 9.506805700482557e-05 -36.267120888929384 -15.941574541429954 -1.3685679286249561 0.004793612930645801 -2.2808697852183222e-05 2.2599999999999953
 -0.106134559192541 0.6106418187280691 0.4172596039576848 -1.5786844928646868 -1.2972467753806942 1.323176117892027 -1.708895088363926 -1.5490445607827166 1.4644432315691347e-06 0.0009535270588410059 -36.25563388973983 -15.931481899903627 -1.3662639877622693 0.004806614857542942 -2.184977796820397e-05 2.269999999999995
 -0.106134559192541 0.6106418187280691 0.4172596039576848 -1.5787099749608204 -1.296221836252581 1.3224249112649176 -1.7090382280764347 -1.5489518613625934 1.4667448322569498e-06 0.0018244304360419726 -36.24349495271547 -15.920941698376772 -1.3638246798763873 0.004821116482662391 -2.0787658338855726e-05 2.279999999999995
 -0.106134559192541 0.6106418187280691 0.4172596039576848 -1.578735288153701 -1.29520370744435 1.3216786961053728 -1.7091974961135374 -1.5488591510899594 1.469027602674089e-06 0.002698292697078254 -36.23069816662046 -15.909969605154227 -1.3612477061265056 0.004836909668016346 -1.9629878843707316e-05 2.2899999999999947
 -0.106134559192541 0.6106418187280691 0.4172596039576848 -1.5787853323108498 -1.2931909194192173 1.3202034673185468 -1.7095747453491104 -1.5486741335826046 1.4735331621551495e-06 0.003569208148248728 -36.21024008518377 -15.89369970932705 -1.3573021791930369 0.0048497486047929216 -1.7937597123649915e-05 2.2999999999999945
 -0.10606841487338758 0.6130863387159007 0.41585790966226566 -1.5788100950373503 -1.2921949765031329 1.319473512827848 -1.7097908532140584 -1.5485820064150033 1.4757560098388467e-06 0.004344995350976989 -36.09956800202293 -15.814863606571778 -1.3375576671017047 0.004811850068622256 -1.0451580687886678e-05 2.3099999999999943
 -0.10606841487338758 0.6130863387159007 0.41585790966226566 -1.5788346960029944 -1.2912055502634336 1.318748334586762 -1.7100246066779077 -1.5484902200780981 1.4779577499623997e-06 0.004683543437117996 -35.99222886897609 -15.739417799270747 -1.3185765973620769 0.004776949002023085 -3.1979579004418876e-06 2.319999999999994
 -0.10606841487338758 0.6130863387159007 0.41585790966226566 -1.5788591365862636 -1.2902225839103547 1.3180278909708516 -1.7102760581501446 -1.5483988413549001 1.4801373842132648e-06 0.00459444801175043 -35.88993218271534 -15.66852546741054 -1.3006444651749416 0.0047459865382213865 3.6793814583468665e-06 2.329999999999994
 -0.10606841487338758 0.6130863387159007 0.41585790966226566 -1.578907464734053 -1.2882789191424902 1.316603324545012 -1.7108400585199774 -1.5482179042365445 1.4844287647974852e-06 0.004114149367746824 -35.79418981964876 -15.603149023420299 -1.2840021841176321 0.004719780991730329 1.0057737245049357e-05 2.3399999999999936
 -0.10606841487338758 0.6130863387159007 0.41585790966226566 -1.5789313823961102 -1.2873170054628478 1.3158983110296205 -1.711148761762189 -1.5481284323053588 1.486541993500623e-06 0.0033003172512452725 -35.70627635970914 -15.544036150252325 -1.2688426037122988 0.004699002043165665 1.5838183664971862e-05 2.3499999999999934
 -0.10600474246466873 0.6154753485386126 0.4145721033630252 -1.5789551463333567 -1.286361277858079 1.3151978314570822 -1.7114736169567282 -1.5480396743460219 1.4886331713981349e-06 0.0024823116707448816 -35.671833617088296 -15.522182206107512 -1.2630072128788132 0.0047095079078676855 1.8137664345721565e-05 2.359999999999993
 -0.10600474246466873 0.6154753485386126 0.4145721033630252 -1.5789787578326617 -1.2854116833430407 1.3145018469915888 -1.7118140579545758 -1.5479516858583855 1.4907018552889895e-06 0.0017314718512373246 -35.65925663878674 -15.51540978031094 -1.2609292489519361 0.004733041453063842 1.8992598633496883e-05 2.369999999999993
 -0.10600474246466873 0.6154753485386126 0.4145721033630252 -1.5790254550717835 -1.2835336412521992 1.3131253772550373 -1.7125458110455174 -1.547778720309008 1.4947722606351022e-06 0.0009968364106866488 -35.64741137004957 -15.509124294881993 -1.2589365197733422 0.004757432309157838 1.974741271847895e-05 2.379999999999993
 -0.10600474246466873 0.6154753485386126 0.4145721033630252 -1.5790485889856223 -1.2826032534436447 1.3124434699292324 -1.7129307319284717 -1.5476935902813196 1.4967784451869193e-06 0.00028452283221442557 -35.636328663460986 -15.503332647321175 -1.2570381511285105 0.004782539986964906 2.0401032316428708e-05 2.3899999999999926
 -0.10600474246466873 0.6154753485386126 0.4145721033630252 -1.5790715509233735 -1.2816797788575833 1.3117666294957289 -1.713330359919743 -1.5476096378050874 1.498762036256096e-06 -0.00039973417647124875 -35.626036052913896 -15.498040235143995 -1.2552428948353465 0.004808223263609245 2.0953345070373376e-05 2.3999999999999924
 -0.10594200481592175 0.6178101595381851 0.41339238051647653 -1.5790943739526417 -1.2807618869364203 1.3110938807436403 -1.7137420330695008 -1.547526713640056 1.500723885605737e-06 -0.0010506197227621722 -35.61655773747646 -15.493251023951851 -1.253559070632903 0.004834340619179312 2.1405159888131773e-05 2.409999999999992
 -0.10594200481592175 0.6178101595381851 0.41339238051647653 -1.57913951977158 -1.2789462029870684 1.3097631150291775 -1.714603400793811 -1.5473647678123879 1.5045855308315481e-06 -0.0016632706292476862 -35.607914587765734 -15.488967620170852 -1.2519945119603741 0.004860750722689344 2.1758156161585888e-05 2.419999999999992
 -0.10594200481592175 0.6178101595381851 0.41339238051647653 -1.5791618696823013 -1.2780473186631767 1.3091042974864875 -1.7150495383040472 -1.5472856511613706 1.5064876670578542e-06 -0.002233302153602111 -35.60012417226048 -15.485191346736737 -1.2505565159546816 0.004887312967442345 2.201482399870148e-05 2.4299999999999917
 -0.10594200481592175 0.6178101595381851 0.41339238051647653 -1.5791840804240183 -1.2771540233715175 1.3084495762980035 -1.7155045369677993 -1.5472077472752028 1.5083707634033772e-06 -0.0027568295470295195 -35.59320080093902 -15.48192232008851 -1.2492517979495346 0.004913888053942468 2.217839667094555e-05 2.4399999999999915
 -0.10588962041670286 0.6197100063111012 0.41247780764335107 -1.579206153128304 -1.2762662708266337 1.3077989175384985 -1.7159677825561648 -1.5471310807641014 1.5102346742068562e-06 -0.003230484523152229 -35.587155583644055 -15.479159526944734 -1.2480864507133118 0.004940338616639113 2.2252776530698656e-05 2.4499999999999913
 -0.10586853017220271 0.6204572127100787 0.4121267613848112 -1.5792498222510742 -1.2745098866304527 1.3065116142680528 -1.7169193941359637 -1.546982203069966 1.5139065219216263e-06 -0.003651426755846154 -35.58199650065266 -15.476900899470843 -1.2470659086180764 0.004966529889042266 2.2242455685895777e-05 2.459999999999991
 -0.10586853017220271 0.6204572127100787 0.4121267613848112 -1.5792714444533713 -1.2736402179839628 1.3058742097108658 -1.7174048455767883 -1.5469098238760086 1.515716870237327e-06 -0.004017350560860743 -35.577728483081465 -15.475143387609808 -1.2461949168888977 0.004992330400188136 2.2152432732713738e-05 2.469999999999991
 -0.10586853017220271 0.6204572127100787 0.4121267613848112 -1.5792929341074862 -1.2727758685169919 1.3052407037255458 -1.71789551155522 -1.5468387619168062 1.5175102774378502e-06 -0.004326486951346625 -35.574353500913794 -15.473883027510928 -1.2454775060388674 0.005017612694062529 2.1988126842819065e-05 2.4799999999999907
 -0.10586853017220271 0.6204572127100787 0.4121267613848112 -1.579314292278477 -1.2719167948967334 1.3046110645509472 -1.7183907958695128 -1.5467690254751556 1.5192866635871383e-06 -0.004577601285624815 -35.5718706566312 -15.473115005167069 -1.2449169715530422 0.005042254062460045 2.1755290480057272e-05 2.4899999999999904
 -0.10586853017220271 0.6204572127100787 0.4121267613848112 -1.579356554875643 -1.270216852105209 1.3033651287621693 -1.7193939224090178 -1.5466342177494363 1.5227900913572512e-06 -0.00476998674369734 -35.57027628268942 -15.472833714563421 -1.2445158588451832 0.005066137280885126 2.1459921983720994e-05 2.4999999999999902
 -0.1058153286801855 0.6222919978510193 0.41127887288090004 -1.5793774838327765 -1.2693749975771507 1.3027481099491007 -1.7198995254526244 -1.5465689238022708 1.5245193765167642e-06 -0.004903453888794207 -35.56956404130116 -15.473032809816491 -1.2442759534713626 0.005089151336491331 2.110817920303105e-05 2.50999999999999
 -0.1058153286801855 0.6222919978510193 0.41127887288090004 -1.579398286478348 -1.2685382094723918 1.3021348044560188 -1.7204068484756618 -1.5465049564136804 1.5262338024513156e-06 -0.00497823285247328 -35.56972503793819 -15.473705250527665 -1.2441982766126094 0.005111192527109603 2.0706290033940323e-05 2.51999999999999
 -0.1058153286801855 0.6222919978510193 0.41127887288090004 -1.5794189638165568 -1.267706447178961 1.3015251825160137 -1.7209153296035664 -1.5464423088427086 1.5279332927775613e-06 -0.004995195474982398 -35.5707478858668 -15.474843342326214 -1.2442830854248634 0.005132164022696097 2.026048651170022e-05 2.5299999999999896
 -0.1058153286801855 0.6222919978510193 0.41127887288090004 -1.579459885997207 -1.2660602682390891 1.300318651756177 -1.7219329727469885 -1.5463215701062092 1.5312891745722368e-06 -0.004955707668053149 -35.5726188255193 -15.47643876899581 -1.2445298786619423 0.005151977092265313 1.977691997883529e-05 2.5399999999999894
 -0.105750520548552 0.624425913564933 0.41030640875960356 -1.5794801541935728 -1.2652449145070142 1.2997210561168684 -1.7224405808903196 -1.5462632222603787 1.532947547566721e-06 -0.004861468033061917 -35.575321844312654 -15.478482618231734 -1.2449374071609631 0.005170552332035479 1.926158060421519e-05 2.549999999999989
 -0.105750520548552 0.624425913564933 0.41030640875960356 -1.5795003019618594 -1.264434390205686 1.2991270000992872 -1.7229466582004163 -1.5462061259372426 1.534592903418286e-06 -0.0047145888848032684 -35.578838757873626 -15.480965402676537 -1.2455036887982156 0.005187819688695273 1.8720238074640097e-05 2.559999999999989
 -0.105750520548552 0.624425913564933 0.41030640875960356 -1.5795203302499985 -1.26362865723374 1.2985364557766843 -1.723450691057205 -1.5461502617444038 1.5362251648554093e-06 -0.004517568543693227 -35.583149305866094 -15.48387707484203 -1.2462260279821367 0.005203718906942753 1.8158381988780916e-05 2.5699999999999887
 -0.105750520548552 0.624425913564933 0.41030640875960356 -1.5795599743864805 -1.262033731315734 1.2973674897892176 -1.724448543818152 -1.5460427099479617 1.5394519587985656e-06 -0.004273261675482567 -35.58823124646756 -15.487207037055942 -1.2471010393716278 0.005218199897481397 1.75811691847015e-05 2.5799999999999885
 -0.105750520548552 0.624425913564933 0.41030640875960356 -1.5795796124802663 -1.2612436464576389 1.2967884144139878 -1.7249414838722794 -1.545990752530079 1.5410481681854549e-06 -0.003984847933890124 -35.59406044980386 -15.490944147092819 -1.2481246755648958 0.0052312230189454885 1.6993378409375976e-05 2.5899999999999883
 -0.10568485213868883 0.626480351850895 0.40936669131201686 -1.5795991357017316 -1.260458168591395 1.29621271562901 -1.725429962930602 -1.5459399035613224 1.5426328792145227e-06 -0.003655799154211485 -35.600610990824435 -15.495076720244656 -1.2492922584854844 0.005242759268644155 1.6399372621538636e-05 2.599999999999988
 -0.10567385454639827 0.6268148481962139 0.4092120950528517 -1.5796185449463227 -1.2596772619352024 1.2956403672076648 -1.7259135269901575 -1.5458901341000555 1.5442059844161804e-06 -0.0032898453403757705 -35.607855242206575 -15.499592528646142 -1.2505985141738871 0.005252790378516493 1.5803069103114525e-05 2.609999999999988
 -0.10567385454639827 0.6268148481962139 0.4092120950528517 -1.579656969939892 -1.2581312321549207 1.2945072385671006 -1.7268607757620984 -1.5457941844834853 1.5473187984227366e-06 -0.0028909396864968714 -35.615763967945654 -15.504478798711647 -1.252037610677224 0.005261308814242598 1.5207917440788643e-05 2.6199999999999877
 -0.10567385454639827 0.6268148481962139 0.4092120950528517 -1.5796760068883016 -1.2573652594390161 1.2939458356552969 -1.7273242242666376 -1.54574774075855 1.5488598759105798e-06 -0.002463222867791758 -35.62430641834479 -15.509722207568297 -1.2536031987161962 0.00526831767703167 1.4616885329296472e-05 2.6299999999999875
 -0.10567385454639827 0.6268148481962139 0.4092120950528517 -1.5796949342131388 -1.2566036847294937 1.293387656162654 -1.7277806634578985 -1.5457022141530246 1.5503906212188667e-06 -0.0020109868330441074 -35.633450427140104 -15.515308879380761 -1.2552884547978092 0.005273830509166039 1.4032452043095666e-05 2.6399999999999872
 -0.10561881665912576 0.6284502828887202 0.40844439262905863 -1.579713752760413 -1.2558464743902569 1.2928326754352533 -1.7282297076410185 -1.545657569658422 1.5519109162198674e-06 -0.0015386383293611158 -35.64316251146538 -15.521224382444835 -1.257086126432485 0.005277871005887 1.3456609324433525e-05 2.649999999999987
 -0.10561881665912576 0.6284502828887202 0.40844439262905863 -1.5797510142573605 -1.2543471261890016 1.2917337610304171 -1.729099666091166 -1.5455711475750347 1.5549214316123994e-06 -0.00105066238717436 -35.65340797532585 -15.527453727902811 -1.2589885791079136 0.005280472637637615 1.2890869344419899e-05 2.659999999999987
 -0.10561881665912576 0.6284502828887202 0.40844439262905863 -1.5797694774179813 -1.2536041784235143 1.2911892337491988 -1.729520940803857 -1.5455291291445707 1.5564127462397437e-06 -0.0005515859905727541 -35.6641510171848 -15.533981370890544 -1.2609878446676295 0.0052816781880012835 1.2336279310517317e-05 2.6699999999999866
 -0.10561881665912576 0.6284502828887202 0.40844439262905863 -1.5797878359135034 -1.2528654321304513 1.2906477858421033 -1.729933084787164 -1.5454878094214495 1.557894603543275e-06 -4.594215887225215e-05 -35.67535484215052 -15.540791214859405 -1.263075670739265 0.0052815392138632275 1.1793442219707081e-05 2.6799999999999864
 -0.10561881665912576 0.6284502828887202 0.40844439262905863 -1.5798060905429834 -1.2521308556609627 1.2901093941117638 -1.7303357866465783 -1.5454471508597987 1.5593668871716204e-06 0.00046176534021726326 -35.68698177916264 -15.547866619752995 -1.2652435708585203 0.00528011543536544 1.1262543192013615e-05 2.689999999999986
 -0.10555310942217738 0.6303315622181218 0.4075264266954417 -1.5798422411097208 -1.2506761062222091 1.2890431673889502 -1.7311063574600132 -1.5453679171934809 1.5622839191209437e-06 0.0011642104924312756 -35.71494166757098 -15.565829030868086 -1.2701872116786848 0.005284550158761712 9.959397543788406e-06 2.699999999999986
 -0.10555310942217738 0.6303315622181218 0.4075264266954417 -1.5798601563231331 -1.249955160607147 1.2885147660999783 -1.731475151288504 -1.545329136592251 1.563729536080416e-06 0.0021889879919839484 -35.773885315837646 -15.604576906470118 -1.280408401528905 0.005301351685950682 7.167852359234054e-06 2.7099999999999858
 -0.10555310942217738 0.6303315622181218 0.4075264266954417 -1.5798779715535431 -1.249238231468368 1.2879893085964538 -1.7318332502546632 -1.5452908298658485 1.5651663707316743e-06 0.0030695830952738637 -35.83066870315967 -15.642133709192708 -1.2903042514652778 0.005315852449765807 4.511340430710488e-06 2.7199999999999855
 -0.10555310942217738 0.6303315622181218 0.4075264266954417 -1.57989568755516 -1.2485252889996712 1.2874667730315812 -1.732180525564429 -1.5452529602141318 1.5665943253750925e-06 0.0037962882345455745 -35.88489448843066 -15.678244875985127 -1.2998041801706657 0.0053279919410086475 1.996568565630077e-06 2.7299999999999853
 -0.1054885079909747 0.6321220556698819 0.4066024297423907 -1.5799307768241206 -1.2471131775964643 1.286431796919727 -1.7328369150142606 -1.5451785294032057 1.5694248238773412e-06 0.004365708503651471 -35.93621377488456 -15.712675173921383 -1.3088445929101507 0.005337737776157749 -3.7102314378774314e-07 2.739999999999985
 -0.10547790185354655 0.6324116836753624 0.4064474435216061 -1.5799481684835417 -1.2464132710262206 1.2859188157361725 -1.733147963427749 -1.5451418063103963 1.5708281120296874e-06 0.004780093016347594 -35.984322583080825 -15.745207769789031 -1.3173684361838616 0.005345081575285472 -2.586835432905651e-06 2.749999999999985
 -0.10547790185354655 0.6324116836753624 0.4064474435216061 -1.5799654645777172 -1.2457172066395925 1.2854086505942082 -1.733448351541961 -1.5451053443692837 1.5722233079884518e-06 0.005046575194277867 -36.02895898333569 -15.775643965937368 -1.3253248808242037 0.005350035332375151 -4.646777128891402e-06 2.7599999999999847
 -0.10547790185354655 0.6324116836753624 0.4064474435216061 -1.5799826658179228 -1.2450249563408464 1.2849012809007307 -1.7337382425973962 -1.5450691103251124 1.5736104002073148e-06 0.005176348449444574 -36.06990084724987 -15.803803517047431 -1.3326691296940112 0.005352628302628215 -6.547023225885264e-06 2.7699999999999845
 -0.10547790185354655 0.6324116836753624 0.4064474435216061 -1.5800167406152612 -1.2436536355199834 1.2838962013496893 -1.734282660317339 -1.5449972441429498 1.5763617184916257e-06 0.005183802194899372 -36.106964163773 -15.829525435221708 -1.339362341683369 0.005352904414331083 -8.283860054297003e-06 2.7799999999999843
 -0.10542572390968163 0.6338241764252506 0.40566874834351263 -1.5800336317289876 -1.2429738602912614 1.2833979749903328 -1.7345396793168106 -1.5449614973467947 1.577726684409697e-06 0.005085642297917456 -36.14000185554004 -15.852669184919874 -1.345371659552784 0.0053509201981151505 -9.853612506504448e-06 2.789999999999984
 -0.10542572390968163 0.6338241764252506 0.40566874834351263 -1.5800504314423538 -1.242297762893931 1.2829024442142858 -1.7347875931564678 -1.5449258262451906 1.579084511149631e-06 0.004900019699480832 -36.16890302405263 -15.873116164145348 -1.350670325265523 0.005346743213196401 -1.1252646933116076e-05 2.799999999999984
 -0.10542572390968163 0.6338241764252506 0.40566874834351263 -1.5800671404256068 -1.24162531682176 1.2824095895934757 -1.735026766038617 -1.5448902032790581 1.5804352759829499e-06 0.004514710185011626 -36.17343370020051 -15.877043409921704 -1.351767172736858 0.005331418319319105 -1.1476689141816254e-05 2.8099999999999836
 -0.10542572390968163 0.6338241764252506 0.40566874834351263 -1.5801002448936252 -1.2402930443403797 1.2814331296642072 -1.7354769186630028 -1.544818967653259 1.5831172772706736e-06 0.004134844410233722 -36.177381050217264 -15.880531545560784 -1.352736491931183 0.0053156747192230624 -1.1693651565799183e-05 2.8199999999999834
 -0.10542572390968163 0.6338241764252506 0.40566874834351263 -1.5801166571462462 -1.2396325442249339 1.2809490305751146 -1.7356903556156107 -1.5447832870946847 1.5844492260441712e-06 0.003764330317856642 -36.18082102510437 -15.883626347020337 -1.353591843213255 0.005299659028024385 -1.190611586177069e-05 2.829999999999983
 -0.10537520314578358 0.635180404441964 0.40488678532746825 -1.5801329819220848 -1.238975566830372 1.2804675133845365 -1.7358970167154455 -1.544747535020215 1.5857752053705099e-06 0.0034061666997620885 -36.18375991724956 -15.886326891455726 -1.354334833743633 0.005283481264959827 -1.2112956063667886e-05 2.839999999999983
 -0.10537520314578358 0.635180404441964 0.40488678532746825 -1.5801492198523146 -1.238322087129136 1.2799885597482046 -1.7360972957540461 -1.5447116909743066 1.5870953369301333e-06 0.003063422301202805 -36.186204321099844 -15.888632949118403 -1.3549671027895696 0.005267247744533232 -1.231283853245752e-05 2.8499999999999828
 -0.10537520314578358 0.635180404441964 0.40488678532746825 -1.5801813955733826 -1.2370272185701072 1.2790395142006723 -1.7364779232394039 -1.544639567787324 1.589719685668456e-06 0.0027387445500445906 -36.188160956379875 -15.890544945169458 -1.355490301677237 0.005251058501814634 -1.2504217642176905e-05 2.8599999999999826
 -0.10537520314578358 0.635180404441964 0.40488678532746825 -1.580197349388338 -1.2363851852167143 1.2785689499182613 -1.7366603286912285 -1.544603263342954 1.5910245112493726e-06 0.002434505993317834 -36.18963659738284 -15.892063919748798 -1.3559060758722432 0.005235007663296441 -1.2685374527883013e-05 2.8699999999999823
 -0.10531707037609717 0.6367420681062632 0.40395194066546547 -1.5802132194207932 -1.2357465280748254 1.278100860153569 -1.7368383067943798 -1.5445667848538136 1.5923245086923998e-06 0.002152795547077432 -36.19063798960482 -15.893191491389505 -1.35621604906889 0.005219183142226341 -1.2854447952077527e-05 2.879999999999982
 -0.10531707037609717 0.6367420681062632 0.40395194066546547 -1.5802290062648883 -1.235111223493865 1.2776352275715954 -1.7370122438124653 -1.5445301196113892 1.5936197979016242e-06 0.0018954082614149536 -36.19117177773791 -15.893929823386465 -1.3564218094253941 0.005203666361187561 -1.300946655490668e-05 2.889999999999982
 -0.10531707037609717 0.6367420681062632 0.40395194066546547 -1.5802602923899025 -1.2338522054945944 1.2767124579021703 -1.7373483169696318 -1.5444560700248244 1.596197723330306e-06 0.0016638377014635219 -36.19124444624931 -15.894281593491197 -1.3565248980142772 0.005188532020919483 -1.314838223294849e-05 2.8999999999999817
 -0.10531707037609717 0.6367420681062632 0.40395194066546547 -1.5802758069942948 -1.2332278751287697 1.2762548686343917 -1.737512084635899 -1.5444186959657493 1.5974808214025416e-06 0.0014592709389779617 -36.190862273010026 -15.894249967256092 -1.3565267995358854 0.005173847915630495 -1.3269104131362215e-05 2.9099999999999815
 -0.10527084421956351 0.6379955385271121 0.4031826496041775 -1.5802912412934802 -1.232606782478177 1.2757996523765671 -1.7376736995951312 -1.5443810919463408 1.5987600594513651e-06 0.0012825861250005328 -36.19003129619977 -15.89383857524397 -1.3564289353194983 0.005159674794947877 -1.3369532741625444e-05 2.9199999999999813
 -0.10526183554684199 0.6382416965866307 0.4030303226489689 -1.5803065958466451 -1.2319889051758093 1.2753467927344957 -1.7378335298291772 -1.5443432529275203 1.6000355280709755e-06 0.0011343526033608358 -36.188757294565754 -15.893051494241844 -1.3562326586166766 0.005146066272525167 -1.3447593611754119e-05 2.929999999999981
 -0.10525291623964655 0.6384862678841368 0.40287870114708757 -1.5803370292267687 -1.2307642692119884 1.2744492226199213 -1.7381491586623206 -1.544266733124826 1.6025763756033484e-06 0.0010148335066061057 -36.187045780909756 -15.891893232520147 -1.355939252169809 0.005133068781149099 -1.3501270196847672e-05 2.939999999999981
 -0.10525291623964655 0.6384862678841368 0.40287870114708757 -1.5803521227178257 -1.2301569196050384 1.2740040790248193 -1.7383061515880387 -1.5442280893029707 1.6038420858066615e-06 0.0009239907614999137 -36.1849020084967 -15.890368719089132 -1.3555499280183383 0.005120721573978653 -1.3528635404820033e-05 2.9499999999999806
 -0.10525291623964655 0.6384862678841368 0.40287870114708757 -1.58036713917675 -1.2295526766897318 1.2735612124088416 -1.7384631307601817 -1.5441892040588323 1.6051046554110826e-06 0.0008614924199931851 -36.18233098992702 -15.888483296825934 -1.3550658294862092 0.005109056771304993 -1.352788142460248e-05 2.9599999999999804
 -0.10525291623964655 0.6384862678841368 0.40287870114708757 -1.5803820791299596 -1.2289515192967109 1.273120607255617 -1.7386204361995388 -1.5441500793225522 1.60636413593096e-06 0.0008267222143503751 -36.179337527817665 -15.886242719252145 -1.354488035273682 0.005098099451938342 -1.3497347461164412e-05 2.96999999999998
 -0.10520951169517012 0.639688872619907 0.40213161837088873 -1.5804116944535913 -1.2277598759684496 1.2722472183651892 -1.7389382185591211 -1.5440710134131912 1.6088747969433825e-06 0.0007354649445540587 -36.15534409338231 -15.869517672102944 -1.3502503739255132 0.005077842419121532 -1.2324802269945632e-05 2.97999999999998
 -0.10520951169517012 0.639688872619907 0.40213161837088873 -1.5804263838680876 -1.2271688236505156 1.2718140195082706 -1.7390994198774408 -1.5440311260430368 1.6101261905987485e-06 0.0006396904682879587 -36.127383648611534 -15.85004750834269 -1.3453133643054223 0.00505649996148972 -1.0912542220075122e-05 2.98999999999998
 -0.10520951169517012 0.639688872619907 0.40213161837088873 -1.5804409993326658 -1.2265807539760232 1.2713830067121084 -1.7392624706939888 -1.5439910246940256 1.6113749223833906e-06 0.0005415820887671117 -36.09849043248328 -15.829941081709254 -1.3402080740442426 0.005035560689452814 -9.422831701727363e-06 2.9999999999999796
 -0.10520951169517012 0.639688872619907 0.40213161837088873 -1.5804555413432428 -1.2259956468941766 1.2709541652801954 -1.7394276078470217 -1.5439507170807998 1.6126209789746326e-06 0.00043484362923784225 -36.06908539353653 -15.809507434180992 -1.3350116527865947 0.005015246663971162 -7.879131628450002e-06 3.0099999999999794
 -0.10516799822301104 0.6408613748028456 0.40140638302470744 -1.580484371279013 -1.2248356806676943 1.270103993421892 -1.7397663701785921 -1.5438694349011524 1.6151057193880547e-06 0.0003146341870721756 -36.03957947628794 -15.789045123194118 -1.3297988490857056 0.004995774700122243 -6.305163897511229e-06 3.019999999999979
 -0.10516799822301104 0.6408613748028456 0.40140638302470744 -1.5804986726655468 -1.2242602783620598 1.269682264895735 -1.7399400040614115 -1.5438285211495657 1.6163444964689688e-06 0.0001777674228029018 -36.01036703174895 -15.768837168115363 -1.3246407976402865 0.004977352738248218 -4.724420588771498e-06 3.029999999999979
 -0.10516799822301104 0.6408613748028456 0.40140638302470744 -1.5805129030072909 -1.2236877411689457 1.2692626362886905 -1.7401164733022458 -1.5437874517277939 1.6175807582285984e-06 2.2790963203347774e-05 -35.98181967760997 -15.749146593827522 -1.3196039369426766 0.004960176300920255 -3.1596887332996164e-06 3.0399999999999787
 -0.10516799822301104 0.6408613748028456 0.40140638302470744 -1.580527062771976 -1.2231180500831975 1.268845093670664 -1.7402958512504334 -1.5437462386265883 1.6188144158491014e-06 -0.00015004704184618726 -35.95428080404613 -15.730212690169978 -1.314749085618168 0.004944425160148357 -1.6326074885664587e-06 3.0499999999999785
 -0.10516799822301104 0.6408613748028456 0.40140638302470744 -1.5805551381157805 -1.2219885144461902 1.268017225240567 -1.7406649978261362 -1.5436633881196204 1.6212742295351745e-06 -0.0003389306339692138 -35.928060887896386 -15.712248067473398 -1.3101306973437596 0.004930260327568813 -1.6327206230407458e-07 3.0599999999999783
 -0.10512043279174155 0.6422338640050269 0.4005693305531912 -1.580569066608466 -1.221428148704728 1.2676065174318376 -1.7408542533876687 -1.5436218095307552 1.6225003891534584e-06 -0.0005406895487766705 -35.90343373663951 -15.695436548239117 -1.305796305454635 0.004917821463151646 1.2301043436978538e-06 3.069999999999978
 -0.10512043279174155 0.6422338640050269 0.4005693305531912 -1.5805829267982023 -1.2208705366396995 1.2671978278676699 -1.7410464058534147 -1.5435801549038475 1.6237238460448111e-06 -0.0007510719520297805 -35.88063373758907 -15.67993189601098 -1.3017861597821772 0.004907224776773696 2.531462692875194e-06 3.079999999999978
 -0.10512043279174155 0.6422338640050269 0.4005693305531912 -1.5805967191268238 -1.220315660224304 1.2667911433350714 -1.7412413917570557 -1.5435384388413356 1.6249444385607603e-06 -0.000965053645224045 -35.859854140626176 -15.665857347167831 -1.2981330504365962 0.00489856147344848 3.7270999682895804e-06 3.0899999999999777
 -0.10512043279174155 0.6422338640050269 0.4005693305531912 -1.5806240689487367 -1.2192153732179118 1.2659847120425836 -1.7416407186957201 -1.5434548835887627 1.6273770544472654e-06 -0.0011771614836136898 -35.84124635790937 -15.65330588165696 -1.294862306549175 0.004891896768734285 4.80579963425639e-06 3.0999999999999774
 -0.10507495830561842 0.6435717803789105 0.39976873829493553 -1.5806376388403676 -1.2186694622396548 1.2655845985331737 -1.7418442763574262 -1.5434130936680512 1.628589020086224e-06 -0.0013817906999116403 -35.824920224133656 -15.642341145846988 -1.2919919526854406 0.004887269477374263 5.7588926052867285e-06 3.1099999999999772
 -0.10507495830561842 0.6435717803789105 0.39976873829493553 -1.5806511430211563 -1.2181261992065568 1.2651864257750134 -1.7420500876180203 -1.5433713186132199 1.6297978167045812e-06 -0.0015734988637824577 -35.8109451281157 -15.632998925261086 -1.289533001854925 0.004884692156824378 6.580253145165512e-06 3.119999999999977
 -0.10507495830561842 0.6435717803789105 0.39976873829493553 -1.5806645819092484 -1.217585567008033 1.2647901812266573 -1.7422579986739688 -1.5433295739774557 1.631003216040483e-06 -0.0017472629403916815 -35.79935190199142 -15.625289056874298 -1.2874898617731125 0.004884151768957057 7.266236096253979e-06 3.129999999999977
 -0.10507495830561842 0.6435717803789105 0.39976873829493553 -1.5806912336974168 -1.2165134071015613 1.264004365070897 -1.74268013693022 -1.543246286370704 1.633403607925743e-06 -0.001898689956302324 -35.79013533855873 -15.619197669308905 -1.285860830170613 0.004885610808517213 7.815563240989109e-06 3.1399999999999766
 -0.10507495830561842 0.6435717803789105 0.39976873829493553 -1.5807044585106453 -1.2159813987179318 1.263614441161204 -1.742893550072111 -1.5432047774681816 1.6345985285326492e-06 -0.0020241758002102163 -35.78325719998769 -15.614689643637478 -1.2846386553106504 0.0048890088361352654 8.229167438085046e-06 3.1499999999999764
 -0.10503117904708675 0.6448753605936539 0.3990010482434252 -1.5807176200683868 -1.215451937892575 1.2632263844265088 -1.7431081674630704 -1.543163375952565 1.6357896059915333e-06 -0.002121010400241348 -35.77864958139953 -15.611711196370365 -1.283811139238271 0.004894264346879852 8.510003503220392e-06 3.159999999999976
 -0.10502401663879973 0.6450892751257367 0.39887583535912063 -1.5807307187671888 -1.2149250083736503 1.2628401829547835 -1.7433237964407713 -1.543122096808636 1.6369765534207659e-06 -0.002187430734421546 -35.77621849942993 -15.610192498242649 -1.2833617633921441 0.004901276902197001 8.6628346905742e-06 3.169999999999976
 -0.10502401663879973 0.6450892751257367 0.39887583535912063 -1.5807566985653319 -1.2138799106516753 1.2620742014299076 -1.7437574009732941 -1.543040056357425 1.6393377126888709e-06 -0.002222625721171509 -35.7758475873795 -15.610050256339797 -1.2832703188134729 0.004909929453223631 8.694003163278596e-06 3.1799999999999757
 -0.10502401663879973 0.6450892751257367 0.39887583535912063 -1.5807695911201574 -1.213361280463733 1.2616940827735172 -1.7439747148091955 -1.5429993103805355 1.640511879230644e-06 -0.002226698955235101 -35.777401793390716 -15.611190201756537 -1.2835135260571646 0.004920090786328278 8.611192108487024e-06 3.1899999999999755
 -0.10502401663879973 0.6450892751257367 0.39887583535912063 -1.5807824227502056 -1.2128451024581217 1.2613157613885333 -1.744192073487139 -1.5429587574249757 1.6416814139219582e-06 -0.002200596508379604 -35.78073099483675 -15.613509439405622 -1.2840656328504145 0.004931618026733776 8.423186244021458e-06 3.1999999999999753
 -0.10498871163460421 0.6461431645701521 0.3982604295964103 -1.580795193832345 -1.2123313611885367 1.260939225953349 -1.7444092903462636 -1.5429184106378209 1.6428459979067611e-06 -0.0021460076569360313 -35.78567345948738 -15.61689863003635 -1.284898980393305 0.004944359142617449 8.139636457942745e-06 3.209999999999975
 -0.10498871163460421 0.6461431645701521 0.3982604295964103 -1.5808205263676491 -1.2113123138231483 1.2601923374628576 -1.74484212939032 -1.542838515230021 1.6451599265110417e-06 -0.002065216029847755 -35.79205910559392 -15.621243986297024 -1.2859845318483683 0.00495815553959541 7.770831353668163e-06 3.219999999999975
 -0.10498871163460421 0.6461431645701521 0.3982604295964103 -1.580833098843657 -1.210806563477603 1.2598216588029416 -1.7450573489474657 -1.5427989617941824 1.6463093031049425e-06 -0.0019610209948435057 -35.79971250724139 -15.626429075600685 -1.2872923588508023 0.004972844188422203 7.327486513222829e-06 3.2299999999999747
 -0.10498871163460421 0.6461431645701521 0.3982604295964103 -1.5808456126119417 -1.2103031746406057 1.2594527109571771 -1.7452715805848653 -1.542759673331716 1.6474532582577694e-06 -0.0018366447004970012 -35.808455636128365 -15.632336429604331 -1.288792083966146 0.004988259672468389 6.820548419038977e-06 3.2399999999999745
 -0.10498871163460421 0.6461431645701521 0.3982604295964103 -1.5808580680313984 -1.2098021326220882 1.2590854831582439 -1.745484675409255 -1.5427206602052514 1.6485914802188972e-06 -0.0016954864447448412 -35.81811035087584 -15.638848966068117 -1.2904532786938143 0.005004236792478418 6.2610057707958334e-06 3.2499999999999742
 -0.10494722009550739 0.6473732196071749 0.39754077811571986 -1.5808827768301015 -1.2088081736056315 1.2583569826202448 -1.7459060546197502 -1.5426436560045076 1.6508503817291853e-06 -0.0015410478930655207 -35.828500584761926 -15.64585123587218 -1.2922458177046723 0.005020612247263643 5.6597295549745585e-06 3.259999999999974
 -0.10494722009550739 0.6473732196071749 0.39754077811571986 -1.5808950408222202 -1.20831482919772 1.2579953966189494 -1.7461142277647248 -1.542605640525447 1.6519712024987143e-06 -0.0013768186194199703 -35.83945427092555 -15.653230507812918 -1.2941401911906278 0.005037226363477645 5.027328784434556e-06 3.269999999999974
 -0.10494722009550739 0.6473732196071749 0.39754077811571986 -1.580907248219674 -1.207823760040485 1.2576354782110837 -1.7463206583358 -1.5425679435415987 1.6530859410224252e-06 -0.0012061757265501491 -35.85080500953577 -15.660877706698866 -1.2961077777429766 0.005053924634776245 4.374025148901696e-06 3.2799999999999736
 -0.10494722009550739 0.6473732196071749 0.39754077811571986 -1.5809193993648796 -1.207334952154385 1.2572772171501132 -1.7465252520840213 -1.542530572043126 1.654194305089618e-06 -0.0010322995718388725 -35.86239349283434 -15.668688220268201 -1.2981210805883614 0.005070559068442986 3.7095461960255297e-06 3.2899999999999734
 -0.10490642890069185 0.6485643133660983 0.39683693506033424 -1.5809435068539344 -1.2063651662705608 1.256566433777306 -1.7469275264001478 -1.5424570053971234 1.6563917331069433e-06 -0.000858106694457279 -35.874068706147106 -15.676562589847563 -1.3001539301792464 0.005086989341597367 3.043036357473078e-06 3.299999999999973
 -0.10489968378229991 0.6487590110066255 0.3967209072795048 -1.5809554734212679 -1.2058837768629935 1.2562136099302252 -1.7471253600927348 -1.5424207684673625 1.6574810670633155e-06 -0.0006862002123822244 -35.885688923860506 -15.684407098419255 -1.3021816561244377 0.005103083772331794 2.382984914898169e-06 3.309999999999973
 -0.10489968378229991 0.6487590110066255 0.3967209072795048 -1.5809673854114354 -1.2054045805985663 1.2558623934977353 -1.7473210392355032 -1.5423848825495394 1.6585638746846598e-06 -0.0005188372473331009 -35.897122519247645 -15.692134268075595 -1.3041812312955856 0.005118720113603321 1.7371698532452549e-06 3.3199999999999728
 -0.10489968378229991 0.6487590110066255 0.3967209072795048 -1.5809792431516474 -1.2049275641658168 1.255512774722976 -1.7475145275843245 -1.542349351033761 1.6596399055046618e-06 -0.00035791234635527947 -35.90824860615219 -15.699663276900278 -1.30613139069604 0.005133786179517566 1.1126164603616457e-06 3.3299999999999725
 -0.10489968378229991 0.6487590110066255 0.3967209072795048 -1.5810027707471086 -1.203981080179064 1.2548190699626538 -1.7478937014618205 -1.5422795434937147 1.6617716909195224e-06 -0.00020495540143724065 -35.91895752913135 -15.706920303285967 -1.3080127273636868 0.005148180314869183 5.155694897285512e-07 3.3399999999999723
 -0.10487282777079071 0.6495271930688093 0.396259991087174 -1.581014450455104 -1.2035112164273247 1.254474693591268 -1.7480797387848472 -1.5422452117741852 1.6628278407537778e-06 -6.114222026505606e-05 -35.92915121691556 -15.713838803702686 -1.3098077672301018 0.005161811719530312 -4.852230405501788e-08 3.349999999999972
 -0.10487282777079071 0.6495271930688093 0.396259991087174 -1.5810260775149825 -1.2030434676148882 1.2541318673167527 -1.7482635432433513 -1.5422112421055383 1.6638772937227486e-06 7.268433628756152e-05 -35.93874341213696 -15.720359728077536 -1.3115010245012242 0.0051746006396014895 -5.750104296310943e-07 3.359999999999972
 -0.10487282777079071 0.6495271930688093 0.396259991087174 -1.5810376522398233 -1.202577821058929 1.253790581843008 -1.748445129506477 -1.5421776343826377 1.66491986153261e-06 0.00019598486670020703 -35.947659788345256 -15.726431675309437 -1.3130790387820706 0.005186478437232679 -1.060040861157374e-06 3.3699999999999717
 -0.10487282777079071 0.6495271930688093 0.396259991087174 -1.5810606204213036 -1.2016538091039424 1.2531133474637608 -1.748800696224774 -1.542111679885605 1.6669846107930653e-06 0.0003084878459853433 -35.95583796348336 -15.732010990082028 -1.3145303948582872 0.005197387550766466 -1.5005392720624812e-06 3.3799999999999715
 -0.10487282777079071 0.6495271930688093 0.396259991087174 -1.5810720233769118 -1.2011950619791687 1.2527771187794068 -1.7489751435409646 -1.5420792677657822 1.66800729761718e-06 0.0004101501552002795 -35.9632274173224 -15.7370618010905 -1.315845725785063 0.005207281356420005 -1.8941883445063354e-06 3.3899999999999713
 -0.10482626105809129 0.6508309850051841 0.3954653591729389 -1.5810833755308593 -1.2007383552642805 1.2524423855672735 -1.7491475512473604 -1.542047208653825 1.6690234048155617e-06 0.0004101501552002795 -35.9632274173224 -15.7370618010905 -1.315845725785063 0.005207281356420005 -1.8941883445063354e-06 3.399999999999971
 -0.10482626105809129 0.6508309850051841 0.3954653591729389 -1.5810946855371775 -1.2002833413167187 1.252108893026615 -1.7493182905447133 -1.542015441815189 1.6700328462349034e-06 0.0004101501552002795 -35.9632274173224 -15.7370618010905 -1.315845725785063 0.005207281356420005 -1.8941883445063354e-06 3.409999999999971
 -0.10482626105809129 0.6508309850051841 0.3954653591729389 -1.5811173055547982 -1.1993733134185351 1.251441907945411 -1.7496597691394147 -1.541951908137893 1.672048859369113e-06 0.0004101501552002795 -35.9632274173224 -15.7370618010905 -1.315845725785063 0.005207281356420005 -1.8941883445063354e-06 3.4199999999999706
 -0.10482626105809129 0.6508309850051841 0.3954653591729389 -1.5811286155653246 -1.1989182994672918 1.2511084154048806 -1.7498305084367516 -1.5419201412992338 1.673057368201114e-06 0.0004101501552002795 -35.9632274173224 -15.7370618010905 -1.315845725785063 0.005207281356420005 -1.8941883445063354e-06 3.4299999999999704
 -0.10479315371402109 0.6517427515235217 0.39490266132508256 -1.5811399255766716 -1.1984632855172581 1.2507749228643252 -1.7500012477341471 -1.5418883744605676 1.6740663753012086e-06 0.0004101501552002795 -35.9632274173224 -15.7370618010905 -1.315845725785063 0.005207281356420005 -1.8941883445063354e-06 3.43999999999997
 -0.10478652108269892 0.6519249905869404 0.39478987746749916 -1.5811512355888437 -1.1980082715678515 1.25044143032376 -1.7501719870315844 -1.5418566076218916 1.6750758851102887e-06 0.0004101501552002795 -35.9632274173224 -15.7370618010905 -1.315845725785063 0.005207281356420005 -1.8941883445063354e-06 3.44999999999997
 -0.10477988473456235 0.6521071914829992 0.39467701221646734 -1.5811738556156865 -1.197098243670534 1.249774445242612 -1.7505134656265788 -1.5417930739445067 1.677096364893771e-06 0.0004101501552002795 -35.9632274173224 -15.7370618010905 -1.315845725785063 0.005207281356420005 -1.8941883445063354e-06 3.4599999999999698
 -0.10477988473456235 0.6521071914829992 0.39467701221646734 -1.5811851656303704 -1.1966432297227216 1.2494409527020274 -1.7506842049241387 -1.5417613071058023 1.6781073428617788e-06 0.0004101501552002795 -35.9632274173224 -15.7370618010905 -1.315845725785063 0.005207281356420005 -1.8941883445063354e-06 3.4699999999999696
 -0.10477988473456235 0.6521071914829992 0.39467701221646734 -1.5811964756458945 -1.1961882157754706 1.2491074601614338 -1.7508549442217394 -1.5417295402670845 1.6791188137688096e-06 0.0004101501552002795 -35.9632274173224 -15.7370618010905 -1.315845725785063 0.005207281356420005 -1.8941883445063354e-06 3.4799999999999693
 -0.10477988473456235 0.6521071914829992 0.39467701221646734 -1.581207785662257 -1.1957332018287836 1.2487739676208314 -1.7510256835193818 -1.5416977734283588 1.6801307785030417e-06 0.0004101501552002795 -35.9632274173224 -15.7370618010905 -1.315845725785063 0.005207281356420005 -1.8941883445063354e-06 3.489999999999969
 -0.10475330220734691 0.6528356126470656 0.3942247375842589 -1.581230405697501 -1.194823173937115 1.2481069825396078 -1.7513671621147893 -1.5416342397508807 1.68215618945311e-06 0.0004101501552002795 -35.9632274173224 -15.7370618010905 -1.315845725785063 0.005207281356420005 -1.8941883445063354e-06 3.499999999999969
 -0.10475330220734691 0.6528356126470656 0.3942247375842589 -1.5812417157163825 -1.1943681599921359 1.2477734899989823 -1.7515379014125543 -1.5416024729121265 1.6831696383334815e-06 0.0004101501552002795 -35.9632274173224 -15.7370618010905 -1.315845725785063 0.005207281356420005 -1.8941883445063354e-06 3.5099999999999687
 -0.10475330220734691 0.6528356126470656 0.3942247375842589 -1.5812530257361033 -1.1939131460477324 1.2474399974583523 -1.751708640710361 -1.5415707060733634 1.6841835810410544e-06 0.0004101501552002795 -35.9632274173224 -15.7370618010905 -1.315845725785063 0.005207281356420005 -1.8941883445063354e-06 3.5199999999999685
 -0.10475330220734691 0.6528356126470656 0.3942247375842589 -1.5812643357566643 -1.1934581321039026 1.2471065049177108 -1.7518793800082095 -1.5415389392345888 1.685198018464007e-06 0.0004101501552002795 -35.9632274173224 -15.7370618010905 -1.315845725785063 0.005207281356420005 -1.8941883445063354e-06 3.5299999999999683
 -0.10471331719769938 0.6539270930300023 0.3935438864395999 -1.5812869558003069 -1.1925481042179804 1.2464395198364064 -1.75222085860403 -1.5414754055570112 1.6872283863378357e-06 0.0004101501552002795 -35.9632274173224 -15.7370618010905 -1.315845725785063 0.005207281356420005 -1.8941883445063354e-06 3.539999999999968
 -0.10471331719769938 0.6539270930300023 0.3935438864395999 -1.5812982658233876 -1.1920930902758915 1.246106027295741 -1.7523915979020037 -1.54144363871821 1.6882443132359981e-06 0.0004101501552002795 -35.9632274173224 -15.7370618010905 -1.315845725785063 0.005207281356420005 -1.8941883445063354e-06 3.549999999999968
 -0.10471331719769938 0.6539270930300023 0.3935438864395999 -1.5813095758473095 -1.191638076334388 1.2457725347550683 -1.7525623372000183 -1.5414118718793963 1.6892607392904324e-06 0.0004101501552002795 -35.9632274173224 -15.7370618010905 -1.315845725785063 0.005207281356420005 -1.8941883445063354e-06 3.5599999999999676
 -0.10471331719769938 0.6539270930300023 0.3935438864395999 -1.5813208858720698 -1.1911830623934723 1.2454390422143886 -1.752733076498072 -1.5413801050405738 1.6902776627247817e-06 0.0004101501552002795 -35.9632274173224 -15.7370618010905 -1.315845725785063 0.005207281356420005 -1.8941883445063354e-06 3.5699999999999674
 -0.10467989463804922 0.6548355994750124 0.39297427667487006 -1.5813435059241119 -1.190273034513405 1.2447720571330008 -1.7530745550943072 -1.5413165713629011 1.6923130079504745e-06 0.0004101501552002795 -35.9632274173224 -15.7370618010905 -1.315845725785063 0.005207281356420005 -1.8941883445063354e-06 3.579999999999967
 -0.10466649977372244 0.6551987309675598 0.39274586463226124 -1.5813548159513937 -1.189818020574263 1.2444385645922953 -1.753245294392486 -1.5412848045240493 1.6933314288536394e-06 0.0004101501552002795 -35.9632274173224 -15.7370618010905 -1.315845725785063 0.005207281356420005 -1.8941883445063354e-06 3.589999999999967
 -0.10466649977372244 0.6551987309675598 0.39274586463226124 -1.5813661259795158 -1.1893630066357126 1.244105072051581 -1.7534160336907068 -1.5412530376851876 1.6943503480248978e-06 0.0004101501552002795 -35.9632274173224 -15.7370618010905 -1.315845725785063 0.005207281356420005 -1.8941883445063354e-06 3.599999999999967
 -0.10466649977372244 0.6551987309675598 0.39274586463226124 -1.581377436008478 -1.1889079926977608 1.2437715795108577 -1.7535867729889691 -1.5412212708463162 1.6953697699051418e-06 0.0004101501552002795 -35.9632274173224 -15.7370618010905 -1.315845725785063 0.005207281356420005 -1.8941883445063354e-06 3.6099999999999666
 -0.10466649977372244 0.6551987309675598 0.39274586463226124 -1.581400056068924 -1.1879979648236612 1.2431045944293864 -1.7539282515856183 -1.5411577371685423 1.6974101120226237e-06 0.0004101501552002795 -35.9632274173224 -15.7370618010905 -1.315845725785063 0.005207281356420005 -1.8941883445063354e-06 3.6199999999999664
 -0.10466649977372244 0.6551987309675598 0.39274586463226124 -1.581411366100407 -1.1875429508875186 1.2427711018886383 -1.754098990884005 -1.5411259703296434 1.6984310402534675e-06 0.0004101501552002795 -35.9632274173224 -15.7370618010905 -1.315845725785063 0.005207281356420005 -1.8941883445063354e-06 3.629999999999966
 -0.10463294813099161 0.6561058793806422 0.3921734152731442 -1.581422676132732 -1.1870879369519782 1.2424376093478813 -1.7542697301824335 -1.541094203490733 1.6994524685287615e-06 0.0004101501552002795 -35.9632274173224 -15.7370618010905 -1.315845725785063 0.005207281356420005 -1.8941883445063354e-06 3.639999999999966
 -0.10463294813099161 0.6561058793806422 0.3921734152731442 -1.5814339861658961 -1.186632923017048 1.2421041168071145 -1.7544404694809028 -1.5410624366518118 1.7004743977366843e-06 0.0004101501552002795 -35.9632274173224 -15.7370618010905 -1.315845725785063 0.005207281356420005 -1.8941883445063354e-06 3.6499999999999657
 -0.10463294813099161 0.6561058793806422 0.3921734152731442 -1.581456606234747 -1.1857228951490226 1.2414371317255553 -1.7547819480779667 -1.540998902973941 1.7025197669440217e-06 0.0004101501552002795 -35.9632274173224 -15.7370618010905 -1.315845725785063 0.005207281356420005 -1.8941883445063354e-06 3.6599999999999655
 -0.10463294813099161 0.6561058793806422 0.3921734152731442 -1.5814679162704337 -1.185267881215931 1.2411036391847627 -1.7549526873765622 -1.5409671361349906 1.703543206055258e-06 0.0004101501552002795 -35.9632274173224 -15.7370618010905 -1.315845725785063 0.005207281356420005 -1.8941883445063354e-06 3.6699999999999653
 -0.104599304542292 0.6570120521924603 0.39159893997351247 -1.5814792263069615 -1.1848128672834566 1.2407701466439613 -1.7551234266751976 -1.5409353692960277 1.704567150540015e-06 0.0004101501552002795 -35.9632274173224 -15.7370618010905 -1.315845725785063 0.005207281356420005 -1.8941883445063354e-06 3.679999999999965
 -0.104599304542292 0.6570120521924603 0.39159893997351247 -1.5814905363443286 -1.1843578533516022 1.2404366541031502 -1.7552941659738748 -1.5409036024570604 1.7055916021746498e-06 0.0004101501552002795 -35.9632274173224 -15.7370618010905 -1.315845725785063 0.005207281356420005 -1.8941883445063354e-06 3.689999999999965
 -0.104599304542292 0.6570120521924603 0.39159893997351247 -1.5815131564215879 -1.1834478254897602 1.239769669021502 -1.7556356445713535 -1.5408400687790893 1.7076420162354111e-06 0.0004101501552002795 -35.9632274173224 -15.7370618010905 -1.315845725785063 0.005207281356420005 -1.8941883445063354e-06 3.6999999999999647
 -0.104599304542292 0.6570120521924603 0.39159893997351247 -1.5815244664614774 -1.1829928115597754 1.2394361764806634 -1.7558063838701568 -1.5408083019400882 1.7086679831024298e-06 0.0004101501552002795 -35.9632274173224 -15.7370618010905 -1.315845725785063 0.005207281356420005 -1.8941883445063354e-06 3.7099999999999644
 -0.10455881116949406 0.6580981652348117 0.3909068981370647 -1.581535776502209 -1.1825377976304203 1.2391026839398158 -1.755977123169 -1.5407765351010791 1.7096944562311478e-06 0.0004101501552002795 -35.9632274173224 -15.7370618010905 -1.315845725785063 0.005207281356420005 -1.8941883445063354e-06 3.7199999999999642
 -0.10455881116949406 0.6580981652348117 0.3909068981370647 -1.5815470865437815 -1.1820827837016958 1.2387691913989602 -1.756147862467885 -1.5407447682620585 1.7107214382861002e-06 0.0004101501552002795 -35.9632274173224 -15.7370618010905 -1.315845725785063 0.005207281356420005 -1.8941883445063354e-06 3.729999999999964
 -0.10455881116949406 0.6580981652348117 0.3909068981370647 -1.5815697066294483 -1.181172755846145 1.238102206317218 -1.7564893410657803 -1.540681234583987 1.7127769211811028e-06 0.0004101501552002795 -35.9632274173224 -15.7370618010905 -1.315845725785063 0.005207281356420005 -1.8941883445063354e-06 3.739999999999964
 -0.10455881116949406 0.6580981652348117 0.3909068981370647 -1.5815810166735442 -1.1807177419193247 1.237768713776334 -1.7566600803647914 -1.540649467744938 1.713805426462045e-06 0.0004101501552002795 -35.9632274173224 -15.7370618010905 -1.315845725785063 0.005207281356420005 -1.8941883445063354e-06 3.7499999999999636
 -0.10455881116949406 0.6580981652348117 0.3909068981370647 -1.5815923267184804 -1.180262727993143 1.2374352212354385 -1.7568308196638434 -1.5406177009058766 1.7148344406692217e-06 0.0004101501552002795 -35.9632274173224 -15.7370618010905 -1.315845725785063 0.005207281356420005 -1.8941883445063354e-06 3.7599999999999634
 -0.10451818607651986 0.6591828587083246 0.39021194518553126 -1.5816036367642576 -1.1798077140676018 1.237101728694535 -1.7570015589629362 -1.5405859340668053 1.7158639629144545e-06 0.0004101501552002795 -35.9632274173224 -15.7370618010905 -1.315845725785063 0.005207281356420005 -1.8941883445063354e-06 3.769999999999963
 -0.10451140244785723 0.6593635023779143 0.3900958369093266 -1.5816262568583355 -1.1788976862184537 1.2364347436126977 -1.7573430375612489 -1.5405224003886353 1.7179245386245157e-06 0.0004101501552002795 -35.9632274173224 -15.7370618010905 -1.315845725785063 0.005207281356420005 -1.8941883445063354e-06 3.779999999999963
 -0.10451140244785723 0.6593635023779143 0.3900958369093266 -1.581637566906637 -1.1784426722948504 1.236101251071764 -1.757513776860467 -1.540490633549533 1.718955592089344e-06 0.0004101501552002795 -35.9632274173224 -15.7370618010905 -1.315845725785063 0.005207281356420005 -1.8941883445063354e-06 3.7899999999999627
 -0.10451140244785723 0.6593635023779143 0.3900958369093266 -1.5816488769557786 -1.1779876583718973 1.235767758530823 -1.7576845161597277 -1.5404588667104235 1.7199871562567637e-06 0.0004101501552002795 -35.9632274173224 -15.7370618010905 -1.315845725785063 0.005207281356420005 -1.8941883445063354e-06 3.7999999999999625
 -0.10451140244785723 0.6593635023779143 0.3900958369093266 -1.5816601870057614 -1.1775326444495953 1.2354342659898698 -1.757855255459031 -1.5404270998713026 1.7210192311267747e-06 0.0004101501552002795 -35.9632274173224 -15.7370618010905 -1.315845725785063 0.005207281356420005 -1.8941883445063354e-06 3.8099999999999623
 -0.10447742963829498 0.6602661246059318 0.38951408455279846 -1.5816828071082512 -1.1766226166069584 1.2347672809079349 -1.7581967340577584 -1.5403635661930295 1.7230849191918196e-06 0.0004101501552002795 -35.9632274173224 -15.7370618010905 -1.315845725785063 0.005207281356420005 -1.8941883445063354e-06 3.819999999999962
 -0.10447742963829498 0.6602661246059318 0.38951408455279846 -1.5816941171607564 -1.1761676026866255 1.2344337883669532 -1.7583674733571861 -1.5403317993538774 1.7241185306104967e-06 0.0004101501552002795 -35.9632274173224 -15.7370618010905 -1.315845725785063 0.005207281356420005 -1.8941883445063354e-06 3.829999999999962
 -0.10447742963829498 0.6602661246059318 0.38951408455279846 -1.5817054272141045 -1.1757125887669542 1.23410029582596 -1.7585382126566556 -1.5403000325147183 1.7251526562844788e-06 0.0004101501552002795 -35.9632274173224 -15.7370618010905 -1.315845725785063 0.005207281356420005 -1.8941883445063354e-06 3.8399999999999617
 -0.10447742963829498 0.6602661246059318 0.38951408455279846 -1.5817167372682936 -1.1752575748479481 1.233766803284957 -1.7587089519561658 -1.5402682656755449 1.726187294437409e-06 0.0004101501552002795 -35.9632274173224 -15.7370618010905 -1.315845725785063 0.005207281356420005 -1.8941883445063354e-06 3.8499999999999615
 -0.10447742963829498 0.6602661246059318 0.38951408455279846 -1.5817393573791954 -1.17434754701193 1.2330998182029216 -1.7590504305553134 -1.5402047319971697 1.7282581152855414e-06 0.0004101501552002795 -35.9632274173224 -15.7370618010905 -1.315845725785063 0.005207281356420005 -1.8941883445063354e-06 3.8599999999999612
 -0.10443654223181531 0.6613479549297396 0.38881331969457 -1.5817506674359088 -1.173892533094925 1.2327663256618884 -1.759221169854949 -1.540172965157967 1.729294298868922e-06 0.0004101501552002795 -35.9632274173224 -15.7370618010905 -1.315845725785063 0.005207281356420005 -1.8941883445063354e-06 3.869999999999961
 