21 0.05 0.0002920289679735356 8.67999999999986
 21 0.1 0.0005645901010162609 6.199999999999912
 21 0.15000000000000002 0.0005695042121901418 6.30999999999991
 21 0.2 0.0003635313126535157 6.499999999999906
 21 0.25 0.00035064567676829116 5.939999999999918
 21 0.3 0.0004941594123423822 4.849999999999941
 21 0.35000000000000003 0.0006378992860246396 6.209999999999912
 21 0.4 0.0008318985049036161 7.179999999999891
 21 0.45 0.0004652720648053314 6.31999999999991
 21 0.5 0.0006423956193766345 4.539999999999948
 21 0.55 0.00014326763750824951 5.049999999999937
 21 0.6000000000000001 0.0007765794457437725 5.469999999999928
 21 0.6500000000000001 0.0008720847954822846 4.509999999999948
 21 0.7000000000000001 0.0007580855016673077 7.0799999999998935
 21 0.7500000000000001 0.0005960035736476508 3.6899999999999653
 21 0.8 0.0004608907512953728 5.239999999999933
 21 0.8500000000000001 0.0008638637937966118 5.2499999999999325
 21 0.9000000000000001 0.0004447131097717528 5.7199999999999225
 21 0.9500000000000001 0.0006729749058271505 5.289999999999932
 21 1.0 0.00032325807365930043 4.059999999999958
 22 0.05 0.0007863267175032616 8.579999999999862
 22 0.1 0.0005920803793170727 7.8299999999998775
 22 0.15000000000000002 0.0005660010003961527 7.559999999999883
 22 0.2 0.00032668873251805495 7.189999999999891
 22 0.25 0.0003763317410998883 6.4699999999999065
 22 0.3 0.0005281116013112188 6.639999999999903
 22 0.35000000000000003 0.0007563046267188097 7.4099999999998865
 22 0.4 0.000842595189807379 6.019999999999916
 22 0.45 0.0008839442696814391 6.359999999999909
 22 0.5 0.0009808339562291531 9.57999999999984
 22 0.55 0.0006643184676698867 6.859999999999898
 22 0.6000000000000001 0.000286135259509854 6.539999999999905
 22 0.6500000000000001 0.0006910238476837461 6.229999999999912
 22 0.7000000000000001 0.00023590598688389444 5.499999999999927
 22 0.7500000000000001 0.0004612560658525715 5.489999999999927
 22 0.8 0.00016275118490781377 4.349999999999952
 22 0.8500000000000001 0.0003652513537587011 4.949999999999939
 22 0.9000000000000001 0.0007829050252565653 6.379999999999908
 22 0.9500000000000001 0.00033848436648960115 4.109999999999957
 22 1.0 0.0003401543677797939 4.989999999999938
 23 0.05 0.0006308448833607414 9.379999999999844
 23 0.1 0.0008912012892795649 8.799999999999857
 23 0.15000000000000002 0.0005695825655711733 4.859999999999941
 23 0.2 0.0003549066406344952 5.409999999999929
 23 0.25 0.00042773912626100404 6.529999999999905
 23 0.3 0.0007762722803788713 5.83999999999992
 23 0.35000000000000003 0.000700130080294054 4.90999999999994
 23 0.4 0.00042810518629445493 7.099999999999893
 23 0.45 0.0006954147227748174 5.419999999999929
 23 0.5 0.0009217923958946604 6.849999999999898
 23 0.55 0.00045908184017249957 5.0599999999999365
 23 0.6000000000000001 0.000382765934569954 5.239999999999933
 23 0.6500000000000001 0.0005339478342912385 4.8299999999999415
 23 0.7000000000000001 0.0006167074280048017 6.479999999999906
 23 0.7500000000000001 0.00038578082826345306 5.549999999999926
 23 0.8 0.0006794267847495052 5.219999999999933
 23 0.8500000000000001 0.0003226148010264845 5.119999999999935
 23 0.9000000000000001 0.0005386394765195355 5.8599999999999195
 23 0.9500000000000001 0.0003299679232113175 4.589999999999947
 23 1.0 0.0009407485628014928 5.319999999999931
 24 0.05 0.0009964105257716787 9.11999999999985
 24 0.1 0.0008268838213976591 8.21999999999987
 24 0.15000000000000002 0.000945730808870364 7.599999999999882
 24 0.2 0.0006490405229561061 6.169999999999913
 24 0.25 0.0005448685271558855 6.259999999999911
 24 0.3 0.0008728460774720312 5.219999999999933
 24 0.35000000000000003 0.0005256862160255185 5.749999999999922
 24 0.4 0.0005576100478724162 4.539999999999948
 24 0.45 0.000652525204613438 6.179999999999913
 24 0.5 0.0007650276982323749 4.809999999999942
 24 0.55 0.0004163585513592868 4.789999999999942
 24 0.6000000000000001 0.000608652416161932 4.469999999999949
 24 0.6500000000000001 0.0006763647161321173 4.3099999999999525
 24 0.7000000000000001 0.0007381878375051345 4.759999999999943
 24 0.7500000000000001 0.0006927320104519661 5.749999999999922
 24 0.8 0.0008290995321112615 5.519999999999927
 24 0.8500000000000001 0.00010471906876878956 4.549999999999947
 24 0.9000000000000001 0.0007904549237091126 4.539999999999948
 24 0.9500000000000001 0.0009209296283770699 5.649999999999924
 24 1.0 0.0005771645127253887 6.0499999999999154
 25 0.05 0.0009402209916668778 10.889999999999812
 25 0.1 0.0007760279927773372 6.829999999999899
 25 0.15000000000000002 0.0009680023996583085 7.129999999999892
 25 0.2 0.0007423344705509046 7.739999999999879
 25 0.25 0.0009895250265071756 6.7999999999998995
 25 0.3 0.0006724614820334216 5.8599999999999195
 25 0.35000000000000003 0.0005296625913875936 5.82999999999992
 25 0.4 0.0006268803189757235 6.089999999999915
 25 0.45 0.0003843050266047407 6.199999999999912
 25 0.5 0.0005729548685492288 5.749999999999922
 25 0.55 0.0006404234904241345 9.309999999999846
 25 0.6000000000000001 0.0005204770160608139 5.159999999999934
 25 0.6500000000000001 0.0005214455870287092 6.259999999999911
 25 0.7000000000000001 0.0004951218329689737 5.519999999999927
 25 0.7500000000000001 0.0008167076662077054 5.469999999999928
 25 0.8 0.0008367180953458279 5.81999999999992
 25 0.8500000000000001 0.0006375106649551772 5.919999999999918
 25 0.9000000000000001 0.0009527543871448964 5.769999999999921
 25 0.9500000000000001 0.0006654922802533116 5.559999999999926
 25 1.0 0.00011103056271996444 5.159999999999934
 26 0.05 0.0009999862647073114 9.829999999999835
 26 0.1 0.0004913566646787923 7.529999999999884
 26 0.15000000000000002 0.0009453470940442545 7.459999999999885
 26 0.2 0.0007250725053834448 6.929999999999897
 26 0.25 0.0007207073666063158 6.7999999999998995
 26 0.3 0.0006294481926584995 7.0799999999998935
 26 0.35000000000000003 0.0004341655547961176 5.679999999999923
 26 0.4 0.0009478347004122653 5.7199999999999225
 26 0.45 0.00023340781488395145 5.979999999999917
 26 0.5 0.0006767958222435546 5.609999999999925
 26 0.55 0.0008439221483175882 5.659999999999924
 26 0.6000000000000001 0.000623682440023869 4.8299999999999415
 26 0.6500000000000001 0.00033560895686760055 5.769999999999921
 26 0.7000000000000001 0.0006089576405630644 4.729999999999944
 26 0.7500000000000001 0.0007005762552549881 7.329999999999888
 26 0.8 0.0009098985337194968 6.679999999999902
 26 0.8500000000000001 0.00024887249168794006 5.129999999999935
 26 0.9000000000000001 0.0008484143522732736 9.319999999999846
 26 0.9500000000000001 0.0008532242470071917 5.209999999999933
 26 1.0 0.0004973550985966886 5.84999999999992
 27 0.05 0.0005756104957110635 7.119999999999893
 27 0.1 0.0009279822675838239 9.13999999999985
 27 0.15000000000000002 0.0006491098222331168 6.8899999999998975
 27 0.2 0.00047126338254721063 6.569999999999904
 27 0.25 0.0009289421245692783 8.16999999999987
 27 0.3 0.000171761628115081 6.039999999999916
 27 0.35000000000000003 0.0008830971316477209 8.579999999999862
 27 0.4 0.0006805269201686712 7.819999999999878
 27 0.45 0.000760959164036936 8.599999999999861
 27 0.5 0.0009173951928022902 7.099999999999893
 27 0.55 0.0007846148618537208 7.629999999999882
 27 0.6000000000000001 0.0003887509743487719 6.499999999999906
 27 0.6500000000000001 0.0008254820004714718 6.999999999999895
 27 0.7000000000000001 0.00035051177303815196 5.8599999999999195
 27 0.7500000000000001 0.0007068491663714942 6.929999999999897
 27 0.8 0.0007767936124082529 5.81999999999992
 27 0.8500000000000001 0.0007321415073877275 6.28999999999991
 27 0.9000000000000001 0.0009396404621905288 7.099999999999893
 27 0.9500000000000001 0.00034652899274717155 7.109999999999893
 27 1.0 0.0009381974859798557 6.549999999999905
 28 0.05 0.0009785392391329663 7.059999999999894
 28 0.1 0.000678603340162115 10.479999999999821
 28 0.15000000000000002 0.0006759462697578096 9.12999999999985
 28 0.2 0.0002011817699329931 5.319999999999931
 28 0.25 0.000468145457746714 7.209999999999891
 28 0.3 0.0002928497628223811 5.989999999999917
 28 0.35000000000000003 0.0004942823615436137 6.089999999999915
 28 0.4 0.0004398996246869485 5.279999999999932
 28 0.45 0.0009837926816680387 5.969999999999917
 28 0.5 0.000435681020862554 5.629999999999924
 28 0.55 0.0009293818617906526 5.229999999999933
 28 0.6000000000000001 0.0007095807047267637 6.639999999999903
 28 0.6500000000000001 0.0009635313397517346 5.5799999999999255
 28 0.7000000000000001 0.0005066066487148318 5.489999999999927
 28 0.7500000000000001 0.0009523961141919738 12.129999999999786
 28 0.8 0.0007093185876529298 5.739999999999922
 28 0.8500000000000001 0.0006087072131182763 5.979999999999917
 28 0.9000000000000001 0.0007548326717332503 5.879999999999919
 28 0.9500000000000001 0.00031151190198354313 5.6699999999999235
 28 1.0 0.0004931832415529814 6.549999999999905
 29 0.1 0.0008343397662344559 10.759999999999815
 29 0.15000000000000002 0.0007869364088596585 12.179999999999785
 29 0.35000000000000003 0.0006467395616514461 6.0499999999999154
 29 0.4 0.0009386117898450016 10.709999999999816
 29 0.45 0.0009302236763853491 14.079999999999744
 29 0.5 0.000574260064923503 6.349999999999909
 29 0.55 0.0009934690740564078 11.4699999999998
 29 0.6000000000000001 0.0009941810461836103 6.919999999999897
 29 0.6500000000000001 0.000635022249452081 7.869999999999877
 29 0.7000000000000001 0.0009820376816029144 6.359999999999909
 29 0.7500000000000001 0.00035487163497411694 6.349999999999909
 29 0.8 0.0005636821463316004 7.2199999999998905
 29 0.8500000000000001 0.000831197516551007 9.409999999999844
 29 0.9000000000000001 0.0002602630325279619 6.399999999999908
 29 0.9500000000000001 0.0006698129696858113 8.549999999999862
 29 1.0 0.0008211256027931684 6.1399999999999135
 30 0.05 0.0006954230553180777 9.469999999999843
 30 0.1 0.0008440710195348229 10.939999999999811
 30 0.15000000000000002 0.0008883347140709907 9.10999999999985
 30 0.2 0.00043367418494261466 6.999999999999895
 30 0.25 0.0009626023087901522 9.379999999999844
 30 0.3 0.00046531495154333977 7.479999999999885
 30 0.35000000000000003 0.0009801559526055343 8.61999999999986
 30 0.4 0.00046220385190899247 7.189999999999891
 30 0.45 0.0008333444534413799 6.179999999999913
 30 0.5 0.0007407836765610411 6.879999999999898
 30 0.55 0.0009884383496755508 7.199999999999891
 30 0.6000000000000001 0.0005987013561569897 6.829999999999899
 30 0.6500000000000001 0.0006432732096917924 7.909999999999876
 30 0.7000000000000001 0.0004882456497336557 6.669999999999902
 30 0.7500000000000001 0.0007858453696351745 8.509999999999863
 30 0.8 0.0004834074067573609 6.499999999999906
 30 0.8500000000000001 0.0005433188764873437 5.949999999999918
 30 0.9000000000000001 0.0005202012988456407 7.059999999999894
 30 0.9500000000000001 0.0006227309171852517 5.159999999999934
 30 1.0 0.000834532869842032 11.689999999999795
 31 0.05 0.0007277872570570524 9.449999999999843
 31 0.1 0.0008254287789721485 7.299999999999889
 31 0.15000000000000002 0.0009635621346179326 6.809999999999899
 31 0.2 0.0007527056438039447 7.119999999999893
 31 0.25 0.0008485687865854352 8.509999999999863
 31 0.3 0.0009786230721575311 8.869999999999855
 31 0.35000000000000003 0.0009685000798169535 6.689999999999902
 31 0.4 0.0006505994924475078 6.959999999999896
 31 0.45 0.0007724575277885652 6.659999999999902
 31 0.5 0.000984515582800808 6.7499999999999005
 31 0.55 0.000994269618963642 6.109999999999914
 31 0.6000000000000001 0.0009001138913233578 7.70999999999988
 31 0.6500000000000001 0.0006765958553278805 4.929999999999939
 31 0.7000000000000001 0.000562348601418509 4.89999999999994
 31 0.7500000000000001 0.00063337825008841 6.159999999999913
 31 0.8 0.00031208008028429647 5.289999999999932
 31 0.8500000000000001 0.0008693667057953389 5.179999999999934
 31 0.9000000000000001 0.0006122775490231416 7.72999999999988
 31 0.9500000000000001 0.0009035119170907358 8.029999999999873
 31 1.0 0.0006072768365351464 5.949999999999918
 32 0.05 0.0007419219119109388 9.849999999999834
 32 0.1 0.0009376562488302802 16.50999999999978
 32 0.15000000000000002 0.0008686663969636613 14.459999999999736
 32 0.2 0.0009645759529095252 9.389999999999844
 32 0.25 0.0008350475348806829 8.859999999999856
 32 0.3 0.0009769741734273647 10.01999999999983
 32 0.35000000000000003 0.0009116360972629935 8.989999999999853
 32 0.4 0.0009427770649926371 8.279999999999868
 32 0.45 0.0007466576405887508 11.01999999999981
 32 0.5 0.0008570627495266673 13.79999999999975
 32 0.55 0.0007048540989414547 7.429999999999886
 32 0.6000000000000001 0.0008589167651069419 6.599999999999904
 32 0.6500000000000001 0.00034069869110531686 6.269999999999911
 32 0.7000000000000001 0.000710240100385768 9.449999999999843
 32 0.7500000000000001 0.0005931880420611162 6.989999999999895
 32 0.8 0.0009805503263027515 9.60999999999984
 32 0.8500000000000001 0.0009719128423299712 7.769999999999879
 32 0.9000000000000001 0.0008965650290901478 7.179999999999891
 32 0.9500000000000001 0.0007284258237457091 6.969999999999896
 32 1.0 0.0006244389750550742 5.939999999999918
 33 0.05 0.0009866043781302347 18.190000000000044
 33 0.1 0.0009816998797085072 10.909999999999812
 33 0.15000000000000002 0.0008257950667276814 10.55999999999982
 33 0.2 0.00087217015989662 7.609999999999882
 33 0.25 0.0008528369920850537 10.51999999999982
 33 0.3 0.0007652661472407426 8.909999999999854
 33 0.35000000000000003 0.0009430088458634183 15.509999999999714
 33 0.4 0.000917312144781126 18.510000000000094
 33 0.45 0.0008999849638110507 8.579999999999862
 33 0.5 0.0007069816272976401 6.949999999999896
 33 0.55 0.000725373168565007 7.889999999999876
 33 0.6000000000000001 0.0006042454553495877 7.779999999999879
 33 0.6500000000000001 0.0009695280561894845 7.3599999999998875
 33 0.7000000000000001 0.000810996154950296 6.739999999999901
 33 0.7500000000000001 0.0009515985392429081 14.429999999999737
 33 0.8 0.0007982298608566777 11.879999999999791
 33 0.8500000000000001 0.0009355565019834245 8.349999999999866
 33 0.9000000000000001 0.0009957409169032586 17.57999999999995
 33 0.9500000000000001 0.0007941098415505742 7.129999999999892
 33 1.0 0.000940913501830507 6.159999999999913
 34 0.05 0.0009133354622794698 14.649999999999732
 34 0.1 0.0009648667010576387 15.979999999999704
 34 0.15000000000000002 0.0008100473949038295 12.109999999999786
 34 0.2 0.0007661811793689491 10.879999999999812
 34 0.25 0.0009863869123732055 15.359999999999717
 34 0.3 0.0008785683347681218 14.77999999999973
 34 0.35000000000000003 0.0008860956839523166 13.749999999999751
 34 0.4 0.0008951032769762582 15.999999999999703
 34 0.45 0.0008823702945446885 9.789999999999836
 34 0.5 0.000834951748131468 12.289999999999782
 34 0.6000000000000001 0.0008743320153777849 12.309999999999782
 34 0.6500000000000001 0.0008042206901450127 12.019999999999788
 34 0.7000000000000001 0.0008976996167175296 8.529999999999863
 34 0.7500000000000001 0.0008540637495202233 7.309999999999889
 34 0.8 0.000808657154757934 7.839999999999877
 34 0.8500000000000001 0.000908651580076704 14.069999999999744
 34 0.9000000000000001 0.0009387756317008411 6.879999999999898
 34 0.9500000000000001 0.0004859432312461332 6.439999999999907
 34 1.0 0.0005672101210851251 6.649999999999903
 35 0.15000000000000002 0.0009566395067690523 13.069999999999766
 35 0.2 0.0009482456483699768 18.770000000000135
 35 0.3 0.0007287981453799643 8.68999999999986
 35 0.35000000000000003 0.0009397531141322951 15.629999999999711
 35 0.4 0.0008877694176733007 16.18999999999973
 35 0.45 0.000497467609592468 7.039999999999894
 35 0.5 0.0006258878861823713 6.859999999999898
 35 0.55 0.0008624355051937639 10.389999999999823
 35 0.6000000000000001 0.0006303507257983817 7.819999999999878
 35 0.7000000000000001 0.0008779925039562182 8.349999999999866
 35 0.7500000000000001 0.0009464801743099069 8.65999999999986
 35 0.8 0.0009343796412312063 19.51000000000025
 35 0.8500000000000001 0.0009949447909324994 15.489999999999714
 35 0.9000000000000001 0.0008942093327749776 12.579999999999776
 35 0.9500000000000001 0.0007902040535424507 7.759999999999879
 35 1.0 0.0006125042706135147 6.829999999999899
 36 0.15000000000000002 0.0009628083463960949 18.320000000000064
 36 0.2 0.0009735821872365208 15.739999999999709
 36 0.25 0.0009170600137356122 13.059999999999766
 36 0.3 0.0008734037656255888 12.529999999999777
 36 0.35000000000000003 0.0008657800383301007 10.239999999999826
 36 0.45 0.0007900964118126925 8.469999999999864
 36 0.5 0.0009995895850065655 13.199999999999763
 36 0.55 0.0009779914444281426 13.249999999999762
 36 0.6000000000000001 0.0009921606329824867 8.15999999999987
 36 0.6500000000000001 0.0009620850727600746 19.06000000000018
 36 0.7000000000000001 0.0008287837191843648 11.529999999999799
 36 0.7500000000000001 0.0008016604090525808 10.54999999999982
 36 0.8 0.0009026515751994812 8.67999999999986
 36 0.8500000000000001 0.0009360419364711072 16.399999999999764
 36 0.9000000000000001 0.0009712176315277378 9.399999999999844
 36 0.9500000000000001 0.0009786713629451797 10.379999999999823
 36 1.0 0.0007557272911387817 10.709999999999816
 37 0.05 0.00097647869039472 16.24999999999974
 37 0.1 0.0009420742017780198 11.119999999999807
 37 0.25 0.0009611734265678585 17.499999999999936
 37 0.35000000000000003 0.0008351974590114534 9.019999999999852
 37 0.4 0.0006930337123652209 8.60999999999986
 37 0.45 0.000872393491459367 15.349999999999717
 37 0.55 0.0009233960216347839 17.429999999999925
 37 0.6000000000000001 0.000786857563501976 10.209999999999827
 37 0.6500000000000001 0.0009220925670609253 14.049999999999745
 37 0.7000000000000001 0.0009065476183181991 6.9399999999998965
 37 0.8 0.0009419290687496747 11.359999999999802
 37 0.8500000000000001 0.0006817139279365421 8.409999999999865
 37 0.9000000000000001 0.0008044828887245525 9.169999999999849
 37 0.9500000000000001 0.0009282431638837878 8.049999999999873
 37 1.0 0.0007822739267629195 10.249999999999826
 38 0.05 0.000947496596976204 16.56999999999979
 38 0.1 0.0009735315564662104 13.299999999999761
 38 0.15000000000000002 0.0009084554116672704 13.189999999999763
 38 0.2 0.0009885570995728638 18.590000000000106
 38 0.3 0.0009839496976287098 14.389999999999738
 38 0.35000000000000003 0.0007469382910050319 11.4899999999998
 38 0.4 0.0009746848791634451 10.849999999999813
 38 0.45 0.0009827576204732677 13.099999999999765
 38 0.5 0.0008887582755235069 12.199999999999784
 38 0.55 0.0009844180297069287 10.08999999999983
 38 0.6000000000000001 0.0006800782710732371 7.889999999999876
 38 0.6500000000000001 0.0009620032164120148 11.239999999999805
 38 0.7000000000000001 0.0009767905228337313 8.939999999999854
 38 0.8 0.0008910017985107393 12.299999999999782
 38 0.8500000000000001 0.0009837813067201185 8.349999999999866
 38 0.9000000000000001 0.0009907407682761692 7.649999999999881
 38 0.9500000000000001 0.0008690156049602985 8.319999999999867
 39 0.05 0.0008990572396221552 16.55999999999979
 39 0.1 0.0009322578833147717 11.589999999999797
 39 0.15000000000000002 0.0009785036008968918 9.07999999999985
 39 0.2 0.00045494451842503336 8.289999999999868
 39 0.25 0.0009636781283371087 12.41999999999978
 39 0.3 0.0008304533539806113 11.96999999999979
 39 0.35000000000000003 0.0007723912849536342 8.419999999999865
 39 0.4 0.0008367940940018637 9.289999999999846
 39 0.45 0.0009622779375007581 12.129999999999786
 39 0.5 0.0007079696981426107 8.17999999999987
 39 0.55 0.0009623952820111909 14.429999999999737
 39 0.6000000000000001 0.0007018497687530533 9.819999999999835
 39 0.6500000000000001 0.0009017272168416385 16.289999999999747
 39 0.7000000000000001 0.0008433307313245434 6.29999999999991
 39 0.7500000000000001 0.0008752792806699628 12.319999999999782
 39 0.8 0.0007052745998195449 5.969999999999917
 39 0.8500000000000001 0.0004733990065010266 5.489999999999927
 39 0.9000000000000001 0.0008304865367997469 7.899999999999876
 39 0.9500000000000001 0.0008436076730099449 6.709999999999901
 39 1.0 0.0007709872979397107 9.239999999999847
 40 0.15000000000000002 0.0007455745853284666 10.329999999999824
 40 0.2 0.000933432516854789 14.199999999999742
 40 0.25 0.0005773052359137978 6.959999999999896
 40 0.3 0.0008767530945487897 15.769999999999708
 40 0.35000000000000003 0.0007227255581147533 9.279999999999847
 40 0.4 0.0006280220441664455 7.889999999999876
 40 0.45 0.0007804973582175218 10.849999999999813
 40 0.5 0.0008585771089765202 13.969999999999747
 40 0.55 0.0007863996813862624 11.509999999999799
 40 0.6000000000000001 0.0009289038907782357 18.000000000000014
 40 0.6500000000000001 0.0007472893090053397 8.559999999999862
 40 0.7000000000000001 0.0007904955268956056 9.269999999999847
 40 0.7500000000000001 0.000983746842158083 12.339999999999781
 40 0.8500000000000001 0.0007337628276122299 10.179999999999827
 40 0.9000000000000001 0.0009821576979785515 14.74999999999973
 40 0.9500000000000001 0.0009627617161777793 16.789999999999825
 40 1.0 0.0007900400521286958 8.939999999999854
 41 0.05 0.0008540520920863445 15.029999999999724
 41 0.2 0.000980269742466681 16.679999999999808
 41 0.25 0.0009860231141539156 19.800000000000296
 41 0.35000000000000003 0.0008594298789103284 13.609999999999754
 41 0.4 0.0009686988299147157 12.099999999999786
 41 0.5 0.0007285347885200585 11.96999999999979
 41 0.55 0.0008441672664480188 10.48999999999982
 41 0.6000000000000001 0.0007064643774795654 10.259999999999826
 41 0.7000000000000001 0.0008293957673932415 11.689999999999795
 41 0.7500000000000001 0.0006613140142534003 10.239999999999826
 41 0.8 0.0008635790229049291 7.349999999999888
 41 0.8500000000000001 0.0007748183046866808 9.029999999999852
 41 0.9000000000000001 0.0009727441986761942 16.279999999999745
 41 0.9500000000000001 0.0006745371890812895 8.289999999999868
 41 1.0 0.0006591743240844807 7.24999999999989
 42 0.1 0.0009448125457792853 10.359999999999824
 42 0.2 0.0009421538960547666 8.099999999999872
 42 0.3 0.0007509220103507627 8.63999999999986
 42 0.35000000000000003 0.0009374437555718089 12.749999999999773
 42 0.4 0.0008469721360927391 14.169999999999742
 42 0.45 0.000979637886252395 16.219999999999736
 42 0.5 0.0005018122942856789 6.809999999999899
 42 0.55 0.0008851764332707206 9.999999999999831
 42 0.6500000000000001 0.0008804697789592047 13.219999999999763
 42 0.7000000000000001 0.0009791628537742154 16.849999999999834
 42 0.7500000000000001 0.000982231960694922 17.58999999999995
 42 0.8 0.0008226421573709094 10.96999999999981
 42 0.9000000000000001 0.0008143640398106068 10.889999999999812
 42 0.9500000000000001 0.0009751516062465232 7.569999999999883
 42 1.0 0.0009557891602773706 13.739999999999752
 43 0.05 0.000954618195448322 19.650000000000272
 43 0.1 0.0008457763880685994 13.399999999999759
 43 0.15000000000000002 0.0006885954842405869 8.719999999999859
 43 0.2 0.0006752788782408894 10.569999999999819
 43 0.3 0.0008865873309117688 10.319999999999824
 43 0.4 0.0007756990938257504 10.49999999999982
 43 0.45 0.0009436316240626098 18.500000000000092
 43 0.55 0.000995207250079007 18.88000000000015
 43 0.6000000000000001 0.0008250919961041817 9.12999999999985
 43 0.6500000000000001 0.0009409786851363603 12.719999999999773
 43 0.7000000000000001 0.0009509004961365999 13.82999999999975
 43 0.7500000000000001 0.0009079655814660143 8.789999999999857
 43 0.8 0.0009830311300761075 14.979999999999725
 43 0.8500000000000001 0.0008702436036808033 16.10999999999972
 43 0.9000000000000001 0.0007871676594510831 11.239999999999805
 43 0.9500000000000001 0.0009711153396663399 11.089999999999808
 43 1.0 0.0008994166090401772 17.229999999999894
 44 0.15000000000000002 0.0009251725349957014 17.97000000000001
 44 0.3 0.0009568373983810636 10.52999999999982
 44 0.4 0.0009496967380361659 13.79999999999975
 44 0.55 0.0009437107000423844 8.009999999999874
 44 0.6000000000000001 0.0005862636716294984 6.31999999999991
 44 0.6500000000000001 0.000825406510278528 11.709999999999795
 44 0.7000000000000001 0.0009430566504662612 16.929999999999847
 44 0.9000000000000001 0.00043654587937738904 4.249999999999954
 45 0.35000000000000003 0.0008279477431288037 10.359999999999824
 45 0.7000000000000001 0.0009042145620529143 15.539999999999713
 45 0.7500000000000001 0.0008112934548023085 10.319999999999824
 45 0.8500000000000001 0.0008025952730133859 13.489999999999757
 45 0.9000000000000001 0.0006857140957003987 9.08999999999985
 46 0.3 0.0009365450011072336 18.86000000000015
 46 0.4 0.000905081076676268 16.04999999999971
 46 0.6000000000000001 0.000985894170382445 17.819999999999986
 46 0.6500000000000001 0.0009382880647348127 7.459999999999885
 46 0.9500000000000001 0.0008439851469797094 12.219999999999784
 47 0.8 0.0009577091474742409 15.269999999999719
 47 0.8500000000000001 0.0008822830759094246 11.629999999999797
 48 0.5 0.0009141842346700238 12.38999999999978
 48 0.55 0.0007777442720954789 11.599999999999797
 48 0.7000000000000001 0.0009623513954809916 17.669999999999963
 48 0.8 0.0009337418909150881 13.439999999999758
 48 0.8500000000000001 0.0009746680936389925 17.509999999999938
 48 0.9000000000000001 0.0009761364312723841 14.619999999999733
 49 0.55 0.000846362654572728 13.919999999999748
 49 0.7000000000000001 0.0006696851855608212 9.659999999999838
 49 0.7500000000000001 0.0009647612489482756 12.269999999999783
 49 0.8 0.0009697478254194838 19.58000000000026
 49 0.9000000000000001 0.0008584009178437914 14.879999999999727
 49 1.0 0.0008483269622229111 7.609999999999882
 50 0.1 0.000880063240100893 13.83999999999975
 50 0.35000000000000003 0.0008956350197383393 14.369999999999738
 50 0.6000000000000001 0.0008919500953907721 10.659999999999817
 50 0.7000000000000001 0.0009241634328547016 5.989999999999917
 50 0.7500000000000001 0.0007580664407536847 9.769999999999836
 50 0.8 0.0009541333228434963 14.849999999999728
 50 0.8500000000000001 0.0008941869080271918 14.599999999999733
 50 0.9000000000000001 0.0009565083127860794 13.929999999999747
 21 0.05 0.0007004440611719905 8.64999999999986
 21 0.1 0.0007616541653560216 6.1899999999999125
 21 0.15000000000000002 0.00030559697971505967 6.3299999999999095
 21 0.2 0.0008827783499190349 6.459999999999907
 21 0.25 0.0007810927111050479 5.899999999999919
 21 0.3 0.0006632007656295093 4.839999999999941
 21 0.35000000000000003 0.0005942021272472951 6.219999999999912
 21 0.4 0.0008427559811177057 7.179999999999891
 21 0.45 0.0007747044970202833 6.28999999999991
 21 0.5 0.0007581947779900154 4.549999999999947
 21 0.55 0.0007700484127241948 5.019999999999937
 21 0.6000000000000001 0.0004180380189578257 5.489999999999927
 21 0.6500000000000001 0.000215615785714972 4.539999999999948
 21 0.7000000000000001 0.0008545628955582868 7.049999999999894
 21 0.7500000000000001 0.0005951220018141859 3.659999999999966
 21 0.8 0.0007505327548125581 5.209999999999933
 21 0.8500000000000001 0.0005849882031912685 5.279999999999932
 21 0.9000000000000001 0.0007742087453351934 5.689999999999923
 21 0.9500000000000001 0.0004628397451873912 5.319999999999931
 21 1.0 0.0003232574102429371 4.059999999999958
 22 0.05 0.000986977545027902 8.559999999999862
 22 0.1 0.00056289167959008 7.8299999999998775
 22 0.15000000000000002 0.000718770636885258 7.539999999999884
 22 0.2 0.0009973202723919802 7.149999999999892
 22 0.25 0.0006320670457013893 6.459999999999907
 22 0.3 0.0007476282949445225 6.619999999999903
 22 0.35000000000000003 0.0007211619928035343 7.4099999999998865
 22 0.4 0.0004891507010082066 6.039999999999916
 22 0.45 0.0007725638689945904 6.359999999999909
 22 0.5 0.000790171226409952 9.60999999999984
 22 0.55 0.0009136472577606076 6.849999999999898
 22 0.6000000000000001 0.0009895762849119712 6.489999999999906
 22 0.6500000000000001 0.00056033905141865 6.239999999999911
 22 0.7000000000000001 0.0002786988153702012 5.509999999999927
 22 0.7500000000000001 0.0007888796561652601 5.479999999999928
 22 0.8 0.0006150048476914207 4.3099999999999525
 22 0.8500000000000001 0.0007791096522496079 4.929999999999939
 22 0.9000000000000001 0.0005890041948766435 6.389999999999908
 22 0.9500000000000001 0.0007048336728612409 4.079999999999957
 22 1.0 0.00034015423301715766 4.989999999999938
 23 0.05 0.0008693527720942937 9.349999999999845
 23 0.1 0.0005988062565757344 8.829999999999856
 23 0.15000000000000002 0.0004179190307640166 4.859999999999941
 23 0.2 0.0009993431378786126 5.37999999999993
 23 0.25 0.0007803419877743579 6.509999999999906
 23 0.3 0.0008093803132432166 5.83999999999992
 