-0.10915009564844913 0.48690229853368727 0.43185559488613734 -1.5707960890235437 -1.570789458699883 1.570796396771426 -1.5707960422036011 -1.5707965719206287 1.1055306892160388e-06 -0.15061919141128088 5.621144626279571 -4.591298323730724 -2.5016243206813815 0.41830532709520085 0.0 1.02
 -0.10915126472581993 0.4869042677636275 0.43185570260812844 -1.5707958538871907 -1.5707886831187219 1.5708002291656635 -1.5708208846366283 -1.570783757971661 1.2571350600509845e-06 -0.30319261086432775 5.117889489738338 -7.078062643329832 13.618131719639894 -7.896413809903722 -0.1525734211584263 1.03
 -0.10915126472581993 0.4869042677636275 0.43185570260812844 -1.5707939728025924 -1.5707824784117363 1.5708308883204127 -1.5710196240985157 -1.5706812463809676 2.1475117915059627e-06 -1.7429213046402325 3.7976591218220053 3.825677974732944 -79.1889239238212 157.27563873808575 73.51094700509377 1.04
 -0.10915126472581993 0.4869042677636275 0.43185570260812844 -1.570890972101017 -1.5707819143448933 1.5711293636046335 -1.5731046834863704 -1.5541015717279372 0.017732223023944726 15.174570058951632 11.709805032665065 -53.432063576222966 389.4731337314669 -3130.025833022684 -35575.79802815925 1.05
 -0.10915126472581993 0.4869042677636275 0.43185570260812844 -1.567975943842419 -1.5582385785564048 1.5839556702068593 -1.5876812820316895 -1.5541015762310106 0.01773222222095594 -514.1123902333394 -4440.129536009284 -13324.121265851594 206940.4158585395 16902.398136240456 17452170.443931866 1.06
 -0.10915126472581993 0.4869042677636275 0.43185570260812844 -1.5697630726663885 -1.5456718742501803 1.5965220495588692 -1.6002476441269877 -1.5792343170598286 0.005165848292202568 3142405.788730907 268400.8648547792 3150018.8940122495 -22899712.147578213 217394630.3379783 -8481402134.906089 1.07
 -0.10896726119659716 0.4951748246525729 0.40978400658005953 -1.594895828728661 -1.5708050032319827 1.5713892990475191 -1.5751149111942864 -1.6043670432317896 0.030298587839858726 -78134407468.3232 608590179982.667 361080621384.22943 24144698538621.625 2843364366016.784 25094035273634.836 1.08
 -0.10896726119659716 0.4951748246525729 0.40978400658005953 -1.5823294606818719 -1.6210714126446604 1.5588229032875551 -1.5876813179731082 -1.6169333999782562 -0.01996690047457861 3.5036777510508293e+21 2.361696768140278e+22 -1.0334094939285206e+22 -1.0466105966854473e+23 -1.65046098603258e+23 4.4917927083991995e+22 1.09
 -0.10896726119659716 0.4951748246525729 0.40978400658005953 -1.6074623075010566 -1.6462045094769033 1.5839556327602882 -1.587681328278034 -1.5918006635462518 -0.019966898263945154 2.5881828283732014e+40 3.694647907911452e+41 -1.711796901683579e+42 5.4837487480779246e+42 -1.4434494655564338e+42 -1.504901627518539e+43 1.1
 -0.10896726119659716 0.4951748246525729 0.40978400658005953 -1.6325950492777999 -1.6587711826807165 1.5965219933939707 -1.6002477098770953 -1.5666679271771766 -0.0074005269289383335 1.7961990063494266e+80 -1.667576409298403e+81 4.137035420751998e+81 -8.840093870762956e+81 -5.8933740047859347e+79 4.6883005270586767e+80 1.11
 -0.07078933007378352 0.4726434521200382 0.4619347883233569 -1.6325950159402485 -1.6085047990405066 1.546256540418847 -1.549982190638433 -1.5666679282776954 -0.05766600167896563 -1.988718034254596e+158 -2.7048809622610533e+159 1.3006191622885918e+160 -1.3903813437538763e+160 7.085187771930761e+159 3.921431476320271e+159 1.12
 -0.07078933007378352 0.4726434521200382 0.4619347883233569 -1.5476904227965154 -1.5258286302457114 -0.253690547961428 1.1827626824798392 -2.1056088234594426 1.7994167904555152 nan nan nan nan nan nan 1.1300000000000001
 -0.06628434280532414 -0.06836744205049161 0.7793825744495486 -1.5571417737475155 -1.5255185674597525 -0.25393829951181424 1.1831576369539825 -2.105491567668872 1.8005067893057412 nan nan nan nan nan nan 1.1400000000000001
 -0.06646042127442098 -0.06820943729176943 0.7793799529000272 -1.5597511201931216 -1.5254998664913448 -0.25399753966287975 1.183270447708125 -2.105518711990733 1.8006785793306719 nan nan nan nan nan nan 1.1500000000000001
 -0.06649952323647035 -0.0681750039635931 0.7793792042940566 -1.5605077371042615 -1.525498312192891 -0.2540134964769347 1.1833022970400435 -2.105528539200078 1.8007203382575927 nan nan nan nan nan nan 1.1600000000000001
 -0.0665112470575453 -0.06816571117661674 0.779379078913577 -1.5605508408690127 -1.5254981741729812 -0.2540146501796503 1.183304653304452 -2.1055295500563225 1.8007234100762632 nan nan nan nan nan nan 1.1700000000000002
 -0.06651477966486508 -0.06816270950489 0.7793790152898499 -1.5605608176606998 -1.5254981838676867 -0.25401480258505416 1.183304927499158 -2.105529671153751 1.8007237047227571 nan nan nan nan nan nan 1.1800000000000002
 -0.06651491984955771 -0.06816258491522742 0.7793790135899534 -1.5605628976063581 -1.5254981881407077 -0.25401482709100875 1.183304970044933 -2.105529691616968 1.8007237441994581 nan nan nan nan nan nan 1.1900000000000002
 -0.06651494717554784 -0.06816256014032684 0.7793790133198018 -1.560563301629605 -1.5254981889399901 -0.2540148306857155 1.1833049758723693 -2.1055296943253827 1.8007237489566714 nan nan nan nan nan nan 1.2000000000000002
 -0.06651495224403448 -0.06816255543607008 0.7793790132815857 -1.5605633895273217 -1.525498189036941 -0.2540148312063071 1.1833049765756805 -2.1055296945388 1.8007237494458073 nan nan nan nan nan nan 1.2100000000000002
 -0.06651495314889577 -0.0681625545745026 0.7793790132769696 -1.5605633918121296 -1.5254981890339718 -0.25401483120961466 1.1833049765713008 -2.105529694526433 1.8007237494410546 nan nan nan nan nan nan 1.2200000000000002
 -0.0665149533055226 -0.06816255442127872 0.7793790132765681 -1.5605633921955517 -1.5254981890328096 -0.25401483120926294 1.1833049765685182 -2.1055296945225432 1.8007237494389932 nan nan nan nan nan nan 1.2300000000000002
 -0.06651495333630508 -0.06816255439017005 0.7793790132765823 -1.5605633922584863 -1.525498189032494 -0.2540148312090551 1.1833049765677233 -2.1055296945215862 1.8007237494384754 nan nan nan nan nan nan 1.2400000000000002
 -0.06651495333712465 -0.06816255438929031 0.7793790132765877 -1.5605633922702307 -1.5254981890324038 -0.25401483120898405 1.1833049765675003 -2.105529694521334 1.8007237494383457 nan nan nan nan nan nan 1.2500000000000002
 -0.06651495333712465 -0.06816255438929031 0.7793790132765877 -1.560563392270483 -1.5254981890324006 -0.2540148312089823 1.1833049765674932 -2.1055296945213255 1.800723749438343 nan nan nan nan nan nan 1.2600000000000002
 -0.06651495333714241 -0.06816255438927055 0.7793790132765877 -1.560563392270522 -1.5254981890324002 -0.2540148312089823 1.1833049765674932 -2.105529694521325 1.800723749438343 nan nan nan nan nan nan 1.2700000000000002
 -0.0665149533371453 -0.06816255438926744 0.7793790132765877 -1.5605633922705282 -1.5254981890324002 -0.2540148312089823 1.1833049765674932 -2.1055296945213247 1.8007237494383412 nan nan nan nan nan nan 1.2800000000000002
 -0.06651495333714563 -0.068162554389267 0.7793790132765877 -1.560563392270529 -1.5254981890323998 -0.2540148312089823 1.1833049765674923 -2.105529694521324 1.8007237494383412 nan nan nan nan nan nan 1.2900000000000003
 -0.06651495333714563 -0.06816255438926677 0.7793790132765881 -1.560563392270529 -1.5254981890323998 -0.2540148312089823 1.1833049765674923 -2.1055296945213247 1.8007237494383421 nan nan nan nan nan nan 1.3000000000000003
 -0.06651495333714574 -0.068162554389267 0.7793790132765877 -1.560563392270529 -1.5254981890324002 -0.2540148312089823 1.1833049765674932 -2.1055296945213247 1.8007237494383421 nan nan nan nan nan nan 1.3100000000000003
 -0.06651495333714574 -0.06816255438926677 0.7793790132765881 -1.560563392270529 -1.5254981890324002 -0.2540148312089823 1.1833049765674915 -2.1055296945213247 1.8007237494383412 nan nan nan nan nan nan 1.3200000000000003
 -0.06651495333714574 -0.06816255438926677 0.7793790132765881 -1.560563392270529 -1.5254981890324002 -0.2540148312089823 1.1833049765674915 -2.1055296945213247 1.8007237494383421 nan nan nan nan nan nan 1.3300000000000003
 -0.06651495333714574 -0.06816255438926677 0.7793790132765881 -1.5605633922705282 -1.5254981890324002 -0.2540148312089823 1.1833049765674923 -2.1055296945213247 1.8007237494383421 nan nan nan nan nan nan 1.3400000000000003
 -0.06651495333714574 -0.068162554389267 0.7793790132765877 -1.560563392270529 -1.5254981890324002 -0.2540148312089823 1.1833049765674915 -2.1055296945213238 1.8007237494383412 nan nan nan nan nan nan 1.3500000000000003
 -0.06651495333714574 -0.068162554389267 0.7793790132765877 -1.560563392270529 -1.5254981890324002 -0.2540148312089823 1.1833049765674932 -2.1055296945213247 1.8007237494383421 nan nan nan nan nan nan 1.3600000000000003
 -0.06651495333714574 -0.068162554389267 0.7793790132765877 -1.560563392270529 -1.5254981890324002 -0.2540148312089823 1.1833049765674915 -2.1055296945213238 1.8007237494383412 nan nan nan nan nan nan 1.3700000000000003
 -0.06651495333714574 -0.06816255438926677 0.7793790132765881 -1.560563392270529 -1.5254981890324002 -0.2540148312089823 1.1833049765674915 -2.1055296945213247 1.8007237494383421 nan nan nan nan nan nan 1.3800000000000003
 -0.06651495333714552 -0.0681625543892661 0.7793790132765881 -1.560563392270529 -1.5254981890323998 -0.2540148312089805 1.1833049765674923 -2.1055296945213247 1.8007237494383412 nan nan nan nan nan nan 1.3900000000000003
 -0.06651495333714552 -0.06816255438926633 0.7793790132765877 -1.560563392270529 -1.5254981890323998 -0.2540148312089823 1.1833049765674915 -2.1055296945213238 1.8007237494383412 nan nan nan nan nan nan 1.4000000000000004
 