-0.10915009559757406 0.48690229855056727 0.43185559490852465 -1.5707960890235428 -1.570789458699883 1.570796396771427 -1.570796042203602 -1.5707965719206278 1.1055306901042172e-06 -0.016499505745841716 -15.172024028162172 -16.29074110235323 -1.5803690779927952 0.04582305268957535 -4.5220259655715e-15 1.02
 -0.10915086409239527 0.48690349709426045 0.43185634812229917 -1.5707959341723114 -1.5707889438644997 1.5707968838117026 -1.5708091539522249 -1.570788150329804 1.2928813184487353e-06 -0.01663771224931703 -15.17583886946256 -16.290894717536972 -1.5783842212389094 0.04426093985515756 -2.8951171466177758e-05 1.03
 -0.10915312289187737 0.4869070475666718 0.431858579375261 -1.5707954726698476 -1.5707874130052435 1.5707983150911824 -1.570847964459837 -1.5707634347859996 9.454792770924314e-07 -0.01701786298884272 -15.183646004820924 -16.29100010988396 -1.5745972638202037 0.041017630122433014 -6.991209699670105e-05 1.04
 -0.1091571770775877 0.4869134819629241 0.43186262301713496 -1.5707946303611289 -1.5707846261092664 1.5708008845020203 -1.570918234384088 -1.5707191571598518 1.1072323840011222e-06 -0.017623069444772113 -15.195432427177657 -16.29103081505963 -1.5689986778158103 0.036234661752401774 -0.00010478926946875215 1.05
 -0.10916342873627029 0.48692351097144143 0.4318689260742206 -1.5707933073994251 -1.5707802606999524 1.5708048479639745 -1.5710276531599963 -1.5706510227709503 1.8848175757923968e-06 -0.018426708362844706 -15.211178893230063 -16.290951789618124 -1.5615717549248862 0.030122880151697506 -0.00012820995012834685 1.06
 -0.10917275548757789 0.486938724336008 0.4318784881287115 -1.5707882332132694 -1.5707636412756187 1.5708192666581082 -1.5714370591854818 -1.5704050147433994 3.7112455748555817e-06 -0.019393915531440195 -15.23085991310872 -16.290721542777987 -1.5522947315004463 0.02295286222485217 -0.00014960548364280964 1.07
 -0.10920285194807515 0.4869898375381656 0.4319106226114863 -1.570784272955489 -1.5707507690516325 1.5708298754620893 -1.5717482044391033 -1.5702254659759545 4.822689503747313e-06 -0.020483583625141553 -15.254444055655304 -16.290294705048233 -1.5411438698602968 0.015042554226848154 -0.00018242800593407725 1.08
 -0.10922238204021034 0.4870241434492685 0.43193220509331126 -1.5707794698855704 -1.5707352271078463 1.57084227345202 -1.5721195269964099 -1.5700165903505523 6.089754908344958e-06 -0.021650746566895713 -15.281894791676207 -16.28962481882698 -1.528097554412462 0.006742717497504274 -0.00022976750763073107 1.09
 -0.10924535285413044 0.4870656206218844 0.43195831636599824 -1.5707735636062568 -1.570716214647411 1.5708568411164654 -1.5725674444852231 -1.5697724425427833 7.573747402567221e-06 -0.022849183600622144 -15.313172010371758 -16.288667102243636 -1.513141378587912 -0.0015790866500368893 -0.0002785791445160604 1.1
 -0.10927234917497462 0.4871161874153068 0.43199017541122553 -1.5707571936602776 -1.5706640670287353 1.5708933278178492 -1.573759709639388 -1.5691662904727446 1.119844329888764e-05 -0.024034043205746387 -15.348234198374898 -16.287380934121785 -1.4962740982666736 -0.009555163577875184 -0.0003075169922701963 1.11
 -0.10933772527493718 0.48724740861215704 0.4320729999224937 -1.5707463470132446 -1.5706298742888984 1.5709148204467338 -1.5745163376004907 -1.568811238987002 1.305024124231835e-05 -0.025164275837801113 -15.387041096673505 -16.285731847008265 -1.4775142093119842 -0.01683417375376545 -0.00030209261285498535 1.12
 -0.1093750707407088 0.48732751466415525 0.43212368183828015 -1.5707337858805834 -1.570590522275876 1.5709377890467122 -1.575369083749532 -1.5684318942335143 1.4749857638385322e-05 -0.02620468325279773 -15.429556501072948 -16.283692890366343 -1.4569067838186376 -0.0230966446816996 -0.0002648800402838413 1.1300000000000001
 -0.10941498181212748 0.48741715794876056 0.43218051273261643 -1.5707193922345368 -1.5705456994317277 1.5709619239347772 -1.5763198358818382 -1.5680322617492175 1.6224822276811324e-05 -0.027127447064920332 -15.475750802015725 -16.281245316664577 -1.4345301044094687 -0.02806879111855906 -0.00021261440493243892 1.1400000000000001
 -0.10945716688649572 0.4875165726330335 0.4322436836144773 -1.570684221224969 -1.5704372158699647 1.5710120080179006 -1.578537504565575 -1.5671909109425641 1.835392941007541e-05 -0.02791308158100208 -15.525602890083048 -16.27837863219231 -1.410501597594619 -0.03153405947176113 -0.00016275427656257908 1.1500000000000001
 -0.10954718244349326 0.4877506638419615 0.43239308666943077 -1.5706627176690997 -1.5703715493311918 1.5710365729648013 -1.579823134753637 -1.5667621296299687 1.9038299023499405e-05 -0.028550839398759877 -15.579101155974172 -16.275090136230986 -1.3849825867940453 -0.033341974797658006 -0.0001205654070887644 1.1600000000000001
 -0.10959387001542498 0.48788395493456915 0.43247858099061415 -1.5706387811935327 -1.570298855730841 1.571059936540359 -1.581209073004036 -1.5663369598331816 1.95271739817926e-05 -0.029038653999010105 -15.636243440270555 -16.271384139778394 -1.358181441482991 -0.03341403713156617 -7.717229176777551e-05 1.1700000000000002
 -0.10964109168416573 0.48802749042752774 0.43257099625515716 -1.5706123025243528 -1.57021885770523 1.571081455471683 -1.582693824371825 -1.5659204760627556 1.9801107457695366e-05 -0.029382720236495 -15.69703591396394 -16.267271087109425 -1.3303547752888565 -0.03174656538904398 -1.992423188851393e-05 1.1800000000000002
 -0.10973552073792246 0.4883485176280841 0.43277908048553493 -1.5705502908294893 -1.570033028015411 1.571114595058142 -1.5859823992042843 -1.5651417873206857 1.9404969233249858e-05 -0.029596801287658812 -15.761491001127572 -16.262766774621696 -1.301806447203715 -0.028410508430127622 5.3700078656270615e-05 1.1900000000000002
 -0.10978183836855608 0.4885256632193388 0.43289476628828844 -1.570514454907432 -1.5699264162985376 1.5711238759613382 -1.5877778080047813 -1.5647922523445024 1.86564211901441e-05 -0.029701327335269697 -15.829624593035964 -16.257891770261168 -1.2728842537059393 -0.02354832887993856 0.00013034751717102503 1.2000000000000002
 -0.10982723577349507 0.4887124604386123 0.43301741779523684 -1.5704755747826216 -1.5698112049515656 1.57112742753859 -1.589658078482282 -1.564472170162233 1.7636132286114048e-05 -0.029722328835037535 -15.90145291993002 -16.252671019301683 -1.243974351101706 -0.017368119350095308 0.00018826601925195667 1.2100000000000002
 -0.10987152788111111 0.48890866513884684 0.4331469855062229 -1.5704335676559076 -1.56968717410874 1.5711243571755995 -1.5916189773223817 -1.5641843154411772 1.6427486325909513e-05 -0.02969022943036831 -15.976989496464936 -16.247133529307227 -1.2154935831305835 -0.010135148164254572 0.0002122495592027244 1.2200000000000002
 -0.10995595599903694 0.48932937850078867 0.4334274866038438 -1.570339321352039 -1.5694102939805994 1.5710926806412315 -1.5957711181239267 -1.5637207108282771 1.391493624325335e-05 -0.029638513507262508 -16.056242516656475 -16.24131198724483 -1.1878799849753008 -0.002161076221088313 0.00020410498517991146 1.2300000000000002
 -0.10999596360366704 0.48955295361471607 0.4335780946600617 -1.5702869177031626 -1.5692569764810855 1.5710614118710087 -1.5979472781717057 -1.5635475802390255 1.2807430426420296e-05 -0.029602286264370514 -16.139212964555234 -16.235242167646664 -1.1615817985968808 0.006208844497852365 0.0001802086359219954 1.2400000000000002
 -0.1100344446065608 0.48978577924709277 0.43373615386920095 -1.5702304963699776 -1.5690923135858341 1.571016933726196 -1.6001878966766006 -1.5634172645533262 1.183252185832373e-05 -0.029616761756494032 -16.225893573741477 -16.228962020439514 -1.1370453925577721 0.014610188988335035 0.00015816797443711863 1.2500000000000002
 -0.11007174384010054 0.49002601079614905 0.4339004737918605 -1.570170584414286 -1.5689177707314519 1.570959977220281 -1.6024766475228223 -1.5633224751004438 1.095050793864516e-05 -0.029715739146963363 -16.316268649366325 -16.222510370310477 -1.114702547260497 0.02267489479934512 0.0001434859782840815 1.2600000000000002
 -0.11014325753653711 0.49052866856593935 0.43424867041160764 -1.5700390500370371 -1.5685353955838757 1.5707990940688719 -1.6071760395733623 -1.563241455044027 9.411306979068002e-06 -0.02993014605881401 -16.4103146741535 -16.21592521904932 -1.0949576315476195 0.03004732528486449 0.00012711057754215786 1.2700000000000002
 -0.11017820109741744 0.4907897180720007 0.43443192730154157 -1.5699673781018584 -1.5683273085507867 1.5706921163002816 -1.6095658335024003 -1.5632467557613374 8.817975345465356e-06 -0.030286731246819583 -16.508001551911516 -16.209241715316548 -1.0781752337917294 0.0364001854596426 9.574135627309813e-05 1.2800000000000002
 -0.11021308991239302 0.49105391599161663 0.4346187339585997 -1.5698933666612485 -1.5681124852153063 1.5705736606850076 -1.6119643120851794 -1.5632671799290048 8.336909600004105e-06 -0.030806977384670305 -16.609294293933207 -16.202489924966738 -1.0646688064508965 0.041449535229707415 4.612597930584586e-05 1.2900000000000003
 -0.11024832627982431 0.4913242207657934 0.43481189522692026 -1.5698146726912379 -1.5678841012777465 1.5704307431743878 -1.6143693835087758 -1.5633118972642261 8.137401250607468e-06 -0.03150628534940611 -16.714154923767605 -16.195692579701017 -1.054690842879695 0.044968090791581865 -8.847769088263386e-06 1.3000000000000003
 -0.11028429361406726 0.4915989056207895 0.4350099871447306 -1.56964528682329 -1.567392250301495 1.5700776083052626 -1.619165016209048 -1.5634370460774072 8.39480470027354e-06 -0.03239346021232015 -16.822544365716666 -16.188862996895228 -1.048425040363863 0.046796018227366544 -4.771852227072865e-05 1.3100000000000003
 -0.1103613323791089 0.49216022598608344 0.43542140921808237 -1.569554718313789 -1.5671289510325455 1.5698647040545017 -1.6215313905883253 -1.5635037085779597 8.651212604071645e-06 -0.033470509209659376 -16.934424095797322 -16.18200335632627 -1.045980817235338 0.04684853479440875 -5.574749827814907e-05 1.3200000000000003
 -0.11040253699127846 0.4924439307723663 0.43563220770519256 -1.5694612545010669 -1.5668570052707977 1.5696325480121658 -1.6238727166876394 -1.5635667310509742 8.870797508997441e-06 -0.034732744559529766 -17.049757374884674 -16.175103496721842 -1.0473904390059827 0.04511983599347793 -3.547962399033123e-05 1.3300000000000003
 -0.11044569776539821 0.49272908273860755 0.4358459427253541 -1.5693649196903614 -1.566576450035714 1.5693807299434361 -1.6261851245144623 -1.5636238600844212 9.015078843432889e-06 -0.03616916994419394 -17.16850995067074 -16.168140356133655 -1.0526088647039913 0.04168311974436314 -3.930252985669968e-06 1.3400000000000003
 -0.110543545574547 0.49330416713785036 0.43628480529322283 -1.569158983656072 -1.5659750385968856 1.5687795646694838 -1.6306305832103867 -1.5636797471086048 8.845158076198345e-06 -0.037763118535126865 -17.290650195150494 -16.161078125524078 -1.061516257983869 0.03668674078645967 2.1207214999511235e-05 1.3500000000000003
 -0.1105986442825095 0.49359305280232907 0.43650904727775935 -1.5690498659958942 -1.5656554596049528 1.568431628852328 -1.6327558595596159 -1.563670687715394 8.636886218660322e-06 -0.039493101172186094 -17.416148717003097 -16.153869123799694 -1.073922940739512 0.030346777217781958 3.490656564035498e-05 1.3600000000000003
 -0.11065695557959387 0.4938817777504816 0.43673520461482646 -1.5689379100676906 -1.56532707127732 1.5680603578078527 -1.6348255501923052 -1.563640410774104 8.39433439736581e-06 -0.0413338147665442 -17.544977537397546 -16.14645534755798 -1.0895764296304504 0.02293651689933433 4.678482793238365e-05 1.3700000000000003
 -0.11092085443826853 0.49503209784553714 0.4376551881566081 -1.5684644872166071 -1.5639334229014699 1.566357328621839 -1.6425515127178434 -1.5633087904716163 6.948238982396049e-06 -0.04325725383018961 -17.677108942118164 -16.13877060496419 -1.1081701101259227 0.014773553996781711 7.035496733473689e-05 1.3800000000000003
 -0.11098819533724409 0.49531860547511175 0.4378862847482758 -1.5683451279099803 -1.5635818608457406 1.5659229345739885 -1.6444607261303794 -1.563217412071917 6.562105098417703e-06 -0.04523386340042369 -17.812514133841987 -16.13074310596135 -1.1293530701910646 0.006205293260468949 0.00010880431469540789 1.3900000000000003
 -0.11098819533724409 0.49531860547511175 0.4378862847482758 -1.5683451279099803 -1.5635818608457406 1.5659229345739885 -1.6444607261303794 -1.563217412071917 6.562105098417703e-06 -0.04723366991396345 -17.95116181770087 -16.122298347388774 -1.1527406203137847 -0.0024063278047373807 0.000149378477271115 1.4000000000000004
 -0.11098819533724409 0.49531860547511175 0.4378862847482758 -1.5683451279099803 -1.5635818608457406 1.5659229345739885 -1.6444607261303794 -1.563217412071917 6.562105098417703e-06 -0.049227328606666704 -18.093016863234418 -16.113362108328236 -1.177925050981437 -0.01070015746064095 0.00017125264540523375 1.4100000000000004
 -0.1111499574115343 0.49588053755105826 0.4383536192959292 -1.5680844925033552 -1.562808414026625 1.5648445503866357 -1.6476414747394816 -1.562839930421136 5.083085402368681e-06 -0.05118703515733877 -18.23803919020643 -16.10386336846695 -1.2044862200469073 -0.018330559299710374 0.00016060427597706787 1.4200000000000004
 -0.11124191782356803 0.4961599718494894 0.43859185114482674 -1.5679436697499707 -1.5623880907596632 1.564211966036277 -1.6489826354978439 -1.562581254072267 4.3897258654723714e-06 -0.05308727008191321 -18.386183017013543 -16.09373698155611 -1.2320016273468346 -0.024981043177128612 0.0001206932560487168 1.4300000000000004
 -0.11133834588938213 0.4964378477975523 0.438831691437366 -1.567797925375224 -1.561951785769641 1.5635335512003152 -1.6501930476531683 -1.5622989258254476 3.941873329971202e-06 -0.05490537665249998 -18.537396583660048 -16.082925967529725 -1.2600557181462373 -0.03037640151143013 6.887631895318673e-05 1.4400000000000004
 -0.11143774823879878 0.4967144545825562 0.43907267654505655 -1.5676485060717198 -1.5615034718376748 1.562820607178077 -1.651304264846737 -1.5620036173627936 3.6793667295142995e-06 -0.056622007902537595 -18.69162241289277 -16.07138332246077 -1.2882482348344526 -0.03429305954888467 2.3133141206541567e-05 1.4500000000000004
 -0.11154014896798273 0.4969896084065876 0.4393149087774827 -1.567494829106229 -1.5610411571418208 1.5620673513733223 -1.652299182758 -1.5616985826016245 3.6004611390083596e-06 -0.058221501801063204 -18.848798101840945 -16.05907328704861 -1.3162014780843023 -0.03656743571986834 -1.0891345134740623e-05 1.4600000000000004
 -0.11175179095527228 0.4975365745211015 0.43980336958974636 -1.5671751028688998 -1.560075555055728 1.5604444587990702 -1.653961292913137 -1.5610832842666795 3.832712706319796e-06 -0.05969224693368996 -19.00885755036365 -16.045972064583164 -1.3435663401420725 -0.03710216449572107 -4.193033023123928e-05 1.4700000000000004
 -0.11185953981290739 0.49780872886380384 0.44004911896589466 -1.5670104235151996 -1.5595766127878798 1.5595872162292128 -1.6546634669943225 -1.5607829520257646 4.117703513273341e-06 -0.06102708516936854 -19.171732452112188 -16.032068027605398 -1.3700269636440827 -0.0358700546194571 -8.286234539864302e-05 1.4800000000000004
 -0.1119686130770675 0.49808025310867865 0.4402967894539549 -1.566840782674026 -1.55906093348844 1.5586836195208793 -1.6552413910806392 -1.5604976775521537 4.628513444515647e-06 -0.06222376954886849 -19.33735382416055 -16.017361476818177 -1.395303897622152 -0.03291565611823456 -0.00013689461462956012 1.4900000000000004
 -0.11207840738460892 0.49835174223676165 0.44054623276000315 -1.5666672958583892 -1.5585322162273343 1.5577447958363697 -1.6557299150663374 -1.560228109838219 5.333438311438954e-06 -0.06328545886420663 -19.505653341553806 -16.001864004895747 -1.4191556808548045 -0.028354316347598472 -0.00019176795179652134 1.5000000000000004
 -0.11229866789959221 0.49889518757106593 0.4410508453036095 -1.5663085921301754 -1.5574343925894132 1.5557589184914518 -1.656437736890604 -1.559755575694969 7.271391624819046e-06 -0.06422118519365821 -19.67656426733447 -15.98559748749038 -1.441378861228599 -0.0223686348449462 -0.00022702996970861536 1.5100000000000005
 -0.11240853707855747 0.4991679269651291 0.4413065081839745 -1.5661233998458721 -1.5568650694671122 1.5547126287567403 -1.656667192055247 -1.5595598446396268 8.325311726231632e-06 -0.06504618205982327 -19.850021817781148 -15.968592705516821 -1.4618065311243027 -0.015202278710811269 -0.0002287291806464741 1.5200000000000005
 -0.1125180455987037 0.49944182581320723 0.4415646451323447 -1.5659344939995385 -1.556282607587609 1.5536328820065473 -1.6568242437315845 -1.5593924015951481 9.318875355823764e-06 -0.06578192578759762 -20.02596288114938 -15.9508876155681 -1.480305517189859 -0.0071511902581496666 -0.00019973705492334922 1.5300000000000005
 -0.11262698887843335 0.4997176037847101 0.4418260332321513 -1.5657412505855612 -1.5556846270417672 1.552514442246303 -1.6569030503805653 -1.559259618314833 1.0162586550066521e-05 -0.06645574292040843 -20.2043251236778 -15.932525321254031 -1.4967724225669508 0.0014476881888184473 -0.0001573348766892273 1.5400000000000005
 -0.11284309717667343 0.5002765603353725 0.4423595314080987 -1.5653424265457518 -1.5544437350751164 1.550168897945424 -1.6568642303861711 -1.559095282273736 1.1345102320703404e-05 -0.06709988177519056 -20.385045652669028 -15.913551836934793 -1.5111287890322571 0.010229921049225068 -0.00011998485489703837 1.5500000000000005
 -0.11295030136969861 0.5005606706303325 0.44263226618113377 -1.5651370522871666 -1.5538010167993734 1.5489438477502189 -1.656762105538462 -1.5590621875138408 1.1750040383340377e-05 -0.06775002336205199 -20.568059514847423 -15.894013765682848 -1.523315709882572 0.018818908166037346 -9.400283927221493e-05 1.5600000000000005
 -0.11305734223276229 0.5008461990748408 0.4429067825221451 -1.56492996361189 -1.553151762225161 1.5477037121977366 -1.6566381642809302 -1.5590431036126544 1.2109822605133047e-05 -0.06844328950440619 -20.753298338574655 -15.873956035996637 -1.5332882544259638 0.02684245536869604 -7.093542535093176e-05 1.5700000000000005
 -0.1131638595213736 0.5011361454207365 0.4431865011662029 -1.5647185631506257 -1.552485631784684 1.5464253423434124 -1.6564648949972405 -1.5590584978230586 1.2353952941523971e-05 -0.06921587432852658 -20.94068936854735 -15.853419852633317 -1.5410100505172308 0.033949851021329004 -3.7641689999419676e-05 1.5800000000000005
 -0.11327052446349803 0.5014320609658472 0.44347274907388207 -1.5642820780082118 -1.5510995481022718 1.5437528929045472 -1.656016662551572 -1.5591693659276507 1.2325010929181701e-05 -0.07010047601466247 -21.130155024594263 -15.832440999117788 -1.5464483275016994 0.03982859108647331 9.455642519752125e-06 1.5900000000000005
 -0.11348550704434991 0.5020404397577836 0.4440626684536051 -1.5640586806815318 -1.5503853174967004 1.542372649001746 -1.655767744890249 -1.559248245800883 1.2048810561715584e-05 -0.07112374242905548 -21.321612990709294 -15.811048570314519 -1.5495696712485936 0.04421982172175958 5.804127454016283e-05 1.6000000000000005
 -0.11359413771471012 0.5023515606839037 0.44436473472955645 -1.5638327476580969 -1.549660275262239 1.5409706152583889 -1.6555128256341574 -1.5593349947119508 1.1668777505136063e-05 -0.07230396437828865 -21.51497673948161 -15.789264125577239 -1.550336697163342 0.0469315585069942 8.711522426685775e-05 1.6100000000000005
 -0.11370371597110841 0.5026672730588575 0.44467143519864266 -1.5636043131022843 -1.5489244377812046 1.5395471206114753 -1.655254773608739 -1.5594277152819158 1.120813868560333e-05 -0.07364924651362209 -21.710156336279315 -15.76710117084525 -1.5487058083266068 0.04784880828057742 8.211077046945012e-05 1.6200000000000006
 -0.11392933202005084 0.503323150306073 0.44530882957797985 -1.5631362136940723 -1.5474025835185632 1.5366047544274668 -1.6547661631339965 -1.5596112217737845 1.0491408394486257e-05 -0.07515635861160497 -21.907059360247825 -15.744564831350162 -1.5446261815534055 0.04693986139756875 4.562341072547803e-05 1.6300000000000006
 -0.11404575665866847 0.5036622937354842 0.44563831394016185 -1.5628975846174775 -1.546620576948575 1.5350951218092082 -1.6545488513304942 -1.5596910951645802 1.037167809325723e-05 -0.07681042879869963 -22.105591837674336 -15.721651572044573 -1.5380401260721446 0.04425822262716365 -5.0299938573262815e-06 1.6400000000000006
 -0.11416484036863866 0.5040088862063007 0.4459748803487281 -1.5626562176527834 -1.5458254873049349 1.5335624379747532 -1.6543562700955468 -1.5597582412219682 1.041516757904759e-05 -0.078585590396864 -22.30565920037241 -15.698348852103013 -1.5288849834256542 0.039939895586564876 -5.1363187401191864e-05 1.6500000000000006
 -0.11428682952360096 0.5043632274103267 0.44631876020122063 -1.5624121815380523 -1.5450173559933198 1.5320073044308833 -1.6541934568607353 -1.559809377992619 1.0606568805471284e-05 -0.08044662543784657 -22.507167416544444 -15.674634656032259 -1.5170967486910203 0.034196031529670885 -8.718679797529857e-05 1.6600000000000006
 -0.11454275135498043 0.5051026039360087 0.4470351601542948 -1.5619146052709265 -1.5433530250816991 1.52881748455684 -1.6540080195208589 -1.5598348454852058 1.1404376130563776e-05 -0.08235154679575588 -22.710024530606862 -15.650476921678683 -1.5026155435227628 0.027301299447708375 -0.00012097321596438022 1.6700000000000006
 -0.11467599853075344 0.5054853326650778 0.44740542193423194 -1.5616621752962478 -1.5425015561903823 1.5271919370392295 -1.6539842613049913 -1.5598106952189905 1.199286271535982e-05 -0.08425493253258107 -22.914142836609987 -15.6258329680629 -1.485392931912466 0.019578701567763288 -0.00016542305948171956 1.6800000000000006
 -0.11481287493920053 0.5058770140882691 0.44778391873026646 -1.5614074409496324 -1.541637398590714 1.5255468944726491 -1.6540120273285623 -1.5597601030705714 1.274375519866311e-05 -0.08611170100280945 -23.11944177730404 -15.60064908546912 -1.4654008501974587 0.011381884231736757 -0.00022319743904358514 1.6900000000000006
 -0.11495345980985595 0.506277940386676 0.44817090111327545 -1.5611503978685795 -1.5407603795402158 1.5238824074762727 -1.6540948941192228 -1.5596822864523556 1.3677713650572798e-05 -0.08788093111701899 -23.32585143021179 -15.574860466971595 -1.4426416640022883 0.003076213046423514 -0.00028093888317148137 1.7000000000000006
 -0.11509834194826346 0.5066899910702399 0.4485680536163814 -1.5606280052323669 -1.5389587282698995 1.520483455090524 -1.654483150624623 -1.5594267022628596 1.611053858230349e-05 -0.08952931089863389 -23.533316170604532 -15.54839164028577 -1.4171586158022642 -0.004980045222659829 -0.0003168163117546799 1.7100000000000006
 -0.11540069763363682 0.5075488072711715 0.44939402654396554 -1.5603636056682681 -1.538038719118668 1.518756624861334 -1.6547749604730395 -1.559260246158673 1.7385742641984336e-05 -0.09103383997438211 -23.7417978692524 -15.521157525241522 -1.3890457342947269 -0.012453167867772027 -0.00031565910372527856 1.7200000000000006
 -0.11555664117540695 0.5079921129986293 0.4498197050086517 -1.560097166455959 -1.53710606479002 1.5170121219923054 -1.6551346087778933 -1.5590701545113257 1.8589842145644297e-05 -0.09238350676745326 -23.95127787606074 -15.493065214543938 -1.3584561809855185 -0.01904898905999746 -0.0002794945129972926 1.7300000000000006
 -0.11587833057324468 0.5089107151334463 0.45070033255193753 -1.5595577900476023 -1.5352000083342503 1.5134664977476469 -1.6560753465123677 -1.5586244431920022 2.051210865250397e-05 -0.09357979256493669 -24.161757120705815 -15.464016554696533 -1.3256080368325591 -0.024524718893362368 -0.00022504147788162285 1.7400000000000007
 -0.11587833057324468 0.5089107151334463 0.45070033255193753 -1.5595577900476023 -1.5352000083342503 1.5134664977476469 -1.6560753465123677 -1.5586244431920022 2.051210865250397e-05 -0.09463600027985125 -24.37325393264203 -15.433911575414125 -1.2907866868188915 -0.028697141346574626 -0.00017032258964674987 1.7500000000000007
 -0.11621119368989072 0.5098731661254438 0.451621253975913 -1.5590099315670223 -1.5332385266582378 1.509844579444418 -1.657325010312487 -1.558114403709233 2.1672068430511615e-05 -0.09557553961299001 -24.585799583810743 -15.402652758354074 -1.254343228588776 -0.031447077654759306 -0.00012135774140314807 1.7600000000000007
 -0.11638145953562057 0.5103725922481908 0.4520985642797968 -1.5587323543215685 -1.5322342563498177 1.508000581167419 -1.6580747707617736 -1.5578431208515546 2.1967124264499205e-05 -0.09642940169773412 -24.79943198605007 -15.370150029281172 -1.2166886919707605 -0.032720263106414516 -6.97324736767246e-05 1.7700000000000007
 -0.11655323886444428 0.5108801932637703 0.45258359023717937 -1.5584531986221926 -1.5312192307713275 1.5061415599688042 -1.6588828556112878 -1.5575679849577542 2.2118964833062194e-05 -0.09723311837307683 -25.01418832835711 -15.336326194093127 -1.178284283582868 -0.03252499470639488 -2.831299201609657e-06 1.7800000000000007
 -0.11690136660061247 0.511931516492148 0.453587610807435 -1.5578880947084395 -1.5291418014987563 1.502356149008472 -1.6607465153586078 -1.55702091881375 2.1594199006713666e-05 -0.09802352915777823 -25.230097637690974 -15.301122341089101 -1.139628317860905 -0.030927075908099365 8.196488782675968e-05 1.7900000000000007
 -0.11707686183123027 0.5124732823574754 0.4541050303884364 -1.5576023815393674 -1.5280810040414643 1.5004310243557129 -1.6617848634719303 -1.5567579150364423 2.0892244226189405e-05 -0.09883567926298556 -25.447174245894292 -15.264502561308941 -1.101240883763806 -0.02804270803742337 0.00017118131181568868 1.8000000000000007
 -0.1172528086014172 0.513022479270568 0.454629790684084 -1.5573152133677972 -1.5270095179326209 1.4984899294545322 -1.6628728496306007 -1.5565036259681264 1.9997257894033282e-05 -0.0997001444108675 -25.665412943581234 -15.226457276967935 -1.0636475349014487 -0.02403003278008469 0.0002427023370203167 1.8100000000000007
 -0.11742904459863561 0.5135804980133063 0.45516325293364573 -1.5570263452256459 -1.525925301059802 1.4965295391966889 -1.664017799099656 -1.5562618992842285 1.8911706383129e-05 -0.10064101852007584 -25.884786252457953 -15.187004571526039 -1.0273633230379715 -0.019079998268143245 0.0002809936603598306 1.8200000000000007
 -0.11760536715371273 0.5141488225649744 0.4557069149757507 -1.5564420005267383 -1.5237081968534714 1.4925317350883445 -1.6664964286846242 -1.5558374256218155 1.6488131209690948e-05 -0.10167470918932088 -26.105243848148973 -15.146189178866884 -0.9928783265248375 -0.013407112629010086 0.00028773802359281607 1.8300000000000007
 -0.11795743717884358 0.5153167490347265 0.4568257440199267 -1.5561469020765468 -1.5225775309358234 1.4904964444536608 -1.667809812939538 -1.5556565463840037 1.5309164983712265e-05 -0.10280957534125029 -26.32671382295212 -15.104079145674088 -0.9606455141557031 -0.007240498408513632 0.0002791562461839013 1.8400000000000007
 -0.11813299736423352 0.515912223086637 0.45739723025476436 -1.5558501459945484 -1.521433815257688 1.4884389382963557 -1.6691608102166846 -1.5554959416681378 1.4163716631543366e-05 -0.10404633257695785 -26.549105266171093 -15.060760531818394 -0.9310714080504741 -0.0008155090580460444 0.00027221765425389406 1.8500000000000008
 -0.11830817036824072 0.5165149384168237 0.4579764789312511 -1.5555517661410745 -1.5202770798981442 1.4863587658046837 -1.6705450678672813 -1.5553560401897055 1.3043201871454357e-05 -0.1053790668416308 -26.772311578716415 -15.016330770558284 -0.904509637143722 0.00563395716265668 0.00027112778583114925 1.8600000000000008
 -0.11865707609306245 0.5177415434841243 0.4591581730622511 -1.5549501878666128 -1.5179231222688516 1.4821254279039842 -1.6733960298257644 -1.5551417637512488 1.0856529687686134e-05 -0.10679665001501891 -26.9962139999851 -14.970891426136413 -0.8812571621680965 0.011882397332471083 0.00026522684532549393 1.8700000000000008
 -0.11883087201642384 0.5183644617356912 0.45975989729641215 -1.554647120838582 -1.5167261081112606 1.4799711826762305 -1.6748498138023624 -1.5550658311611985 9.849942573580961e-06 -0.10828434337586401 -27.220684953535272 -14.92454106305842 -0.8615527414861062 0.01771889709429146 0.00023989742486893727 1.8800000000000008
 -0.11900440289361713 0.5189930031275161 0.46036820900983566 -1.5543426217171206 -1.5155162966835363 1.4777921719895168 -1.6763148170579605 -1.555008039717035 8.95759834573795e-06 -0.10982539705161917 -27.445590957087198 -14.877368819308309 -0.8455771063827165 0.022952592764775924 0.00019120127464748295 1.8900000000000008
 -0.11917775882620575 0.5196268132336435 0.4609828353182878 -1.5540367371659976 -1.514293750817031 1.4755879803543355 -1.6777862725008363 -1.554967024209108 8.217489324557903e-06 -0.11140249249839403 -27.67079495377541 -14.829449108263477 -0.8334543100055434 0.027417415414125082 0.00013183098802202467 1.9000000000000008
 -0.11952443965197236 0.5209125573644072 0.4622339040424971 -1.5534200518476853 -1.5118017697248485 1.4710834892937328 -1.6807223680865055 -1.554935012012284 7.3376844946793085e-06 -0.1129989212075239 -27.896157994894367 -14.780837703586998 -0.8252537783924316 0.03097611464080382 8.319526943435572e-05 1.9100000000000008
 -0.11969820577094907 0.5215614395425618 0.4628673552825093 -1.5531099260805785 -1.510537157208347 1.4687915899947726 -1.6821747068691701 -1.5549339212571773 7.048695386480119e-06 -0.1145994412583205 -28.1215402509162 -14.73156931173082 -0.820992697808937 0.03352353338686459 6.001829469784289e-05 1.9200000000000008
 -0.11987253943811095 0.5222146775706967 0.46350657841043136 -1.552798473317928 -1.5092580503831314 1.4664679698900986 -1.6836069390202724 -1.5549403842267555 6.793582924657926e-06 -0.11619079957182431 -28.346801363850414 -14.681656620216046 -0.8206384953413074 0.034989072485036195 6.0086900641682924e-05 1.9300000000000008
 -0.12004764214292021 0.5228712473202889 0.46415050966422866 -1.5524858821443832 -1.5079663533388814 1.4641163315019137 -1.6850172284016462 -1.5549506051706192 6.531881638238701e-06 -0.11776194512906529 -28.571800187591634 -14.631090734670064 -0.8241112840820798 0.0353382590657206 6.752986481930338e-05 1.9400000000000008
 -0.12022363664254197 0.5235306624814752 0.46479869275566865 -1.5518574771289497 -1.5053425592693213 1.4593201756269947 -1.6877410083956503 -1.554970725581775 5.9732807295986845e-06 -0.1193039813521672 -28.79639399087852 -14.579842885035678 -0.8312862295738082 0.03457333307108721 6.681298231960666e-05 1.9500000000000008
 -0.12057977384819935 0.5248586974661513 0.4661089756285759 -1.5515418318884313 -1.5040107173617905 1.456874916286277 -1.6890427193022486 -1.554973573745304 5.729744467330988e-06 -0.12080991490250044 -29.020437215742398 -14.527867279962956 -0.8419958461014304 0.03273279381040383 5.579223349848068e-05 1.9600000000000009
 -0.12075982102304969 0.5255248419659176 0.46676831178845507 -1.5512255960176908 -1.5026692669946105 1.4544062787678262 -1.6903095687609362 -1.5549700674513076 5.510669647712518e-06 -0.12227426015719471 -29.243779895308556 -14.475104996871465 -0.8560322635116926 0.029889888084976855 4.700962781004439e-05 1.9700000000000009
 -0.12094168681121857 0.526192816172968 0.46743101792744607 -1.550908575284569 -1.5013143625579923 1.4519045058053166 -1.691523667551306 -1.5549552284762136 5.30596425463159e-06 -0.12369256016777846 -29.466265845758365 -14.421488795435339 -0.8731495330913608 0.026150054050042375 5.622270501320703e-05 1.9800000000000009
 -0.12131155515894236 0.5275334380234546 0.46876552861045334 -1.550272178995411 -1.4985648260740394 1.4468022738324873 -1.6937858716382284 -1.5548832463211557 4.733942850165818e-06 -0.12506088646691893 -29.68773076256853 -14.366948729582921 -0.8930660652906249 0.021647358359656668 8.778814101259522e-05 1.9900000000000009
 -0.12149941555155645 0.5282047068756196 0.46943578832742144 -1.5499532714245587 -1.4971733156861626 1.4442082110425796 -1.6948346771634597 -1.554824541992005 4.2976680747486284e-06 -0.1263753775264314 -29.908000368481908 -14.311418412862862 -0.9154673003204854 0.01653999319138383 0.00012916355942574345 2.000000000000001
 -0.12168963765735613 0.5288768302920718 0.47010831136798104 -1.5496338064223325 -1.4957685124386089 1.4415798917758096 -1.6958159058180922 -1.554746331630522 3.752210225194119e-06 -0.12763186691511405 -30.126888774165575 -14.254841767622569 -0.9400086978833279 0.011004946093722151 0.0001592595239845204 2.0100000000000007
 -0.12188201158372473 0.5295494704247965 0.47078260840410124 -1.5493138591323756 -1.4943521473660102 1.4389217256202027 -1.6967373570785655 -1.5546506166325056 3.1503416391132077e-06 -0.12882564100195382 -30.344197217630683 -14.197180055472431 -0.9663191051366427 0.005232009270391442 0.0001639015700006511 2.0200000000000005
 -0.12227324894872074 0.5308951425393575 0.4721352294767509 -1.548673081368075 -1.491485033744639 1.4335145500774278 -1.6983829105885437 -1.5544023711982966 1.99111545917674e-06 -0.12995135818474904 -30.559713342302135 -14.1384189397727 -0.9940045415808664 -0.0005826691853794003 0.00014575457607963224 2.0300000000000002
 -0.1224719896686648 0.5315678668792015 0.4728131049206962 -1.5483524060151508 -1.4900346633217438 1.43076613961561 -1.6991045591363054 -1.554250260960158 1.5121007548302146e-06 -0.13100315812636884 -30.773211151661517 -14.07857527518729 -1.0226524334712304 -0.00624328562775851 0.00012062772881091302 2.04
 -0.12267293859440533 0.5322408165068659 0.4734922722250442 -1.5480314632734586 -1.4885714638441705 1.4279839108281305 -1.699751428982104 -1.5540785374896444 1.1118455720549036e-06 -0.13197498449514192 -30.984451734203425 -14.017703270472543 -1.0518363258027874 -0.011561140052179158 0.00010335335204734895 2.05
 -0.12287572986982913 0.5329137462677571 0.4741723380077793 -1.5477103360290894 -1.4870973665450817 1.425172968432455 -1.7003343590989761 -1.5538910478389294 1.756205743497219e-06 -0.13286113039809597 -31.193184782881126 -13.955899645032051 -1.0811210747494469 -0.016361261893484996 9.507232770640563e-05 2.0599999999999996
 -0.12328646313999352 0.5342592514085093 0.47553463536178064 -1.5470679920123782 -1.484114820990598 1.4194598337963855 -1.701289701578637 -1.5534702505426745 1.1508128077153401e-06 -0.13365698874783613 -31.399150844786387 -13.893307404679797 -1.1100684646520247 -0.020488679743026043 8.257184599003434e-05 2.0699999999999994
 -0.12349374469541088 0.5349314427737138 0.47621624451126165 -1.546747004910669 -1.4826089723979097 1.4165644164079723 -1.7016755415040876 -1.5532433538471615 9.430872189852835e-07 -0.13435995320307342 -31.602084146566003 -13.8301178966547 -1.1382431071224712 -0.023814065041766305 5.025778993043389e-05 2.079999999999999
 -0.12370205925741726 0.5356032984191095 0.4768980864411053 -1.5464262048850665 -1.4810936385885052 1.4136439200315438 -1.702002579559406 -1.5530080027376911 9.181823843462666e-07 -0.13497037484212976 -31.80171577041979 -13.766570867243036 -1.1652183867530108 -0.026238448625328564 -5.249119518374749e-06 2.089999999999999
 -0.12391132246199091 0.5362752411291135 0.47758050141007535 -1.5457850949499736 -1.478030572336726 1.4077194455728934 -1.7024719942618116 -1.5525186338374608 1.0430569608033124e-06 -0.13549244013275646 -31.997776921928214 -13.70295233950567 -1.190582144786316 -0.027696715236503838 -7.019139102912381e-05 2.0999999999999988
 -0.1243316055493117 0.5376197027566535 0.47894691454619787 -1.5454650377076788 -1.4764822629741179 1.404714614411482 -1.702614207570921 -1.552270676811224 -1.0255822795457448e-06 -0.13593480178093506 -32.190002043641805 -13.639590252329223 -1.2139417617607489 -0.028159619361327402 -0.00012274819508972747 2.1099999999999985
 -0.1245419488960342 0.538291741053559 0.47963021932687405 -1.5451454161402083 -1.4749273485030017 1.401693120276387 -1.702719447207313 -1.5520246347754112 9.2773467663676e-07 -0.13631077542512035 -32.37813158820818 -13.576847942612972 -1.2349283271162341 -0.02763412084912344 -0.0001487878128765852 2.1199999999999983
 -0.12475209169678468 0.5389641694554629 0.4803139289555035 -1.544826309531298 -1.47336275319344 1.398647969331554 -1.7027766890355478 -1.551783157448817 1.3944910230989649e-06 -0.13663792918654757 -32.56191436352001 -13.515115686932438 -1.2531996739627687 -0.026161915607038934 -0.00015138938095592562 2.129999999999998
 -0.12496194366425695 0.5396369613723127 0.4809979667075041 -1.5445076513767821 -1.4717899361479203 1.395583299773727 -1.702797229213255 -1.5515477635032102 1.9239440209872782e-06 -0.13693695777756734 -32.74110947818072 -13.454800626167405 -1.2684422088418807 -0.023816164239178036 -0.00014638107336045848 2.139999999999998
 -0.12517127002341275 0.5403100367807735 0.4816821601015476 -1.544189577909572 -1.4702096072835857 1.3925010514514646 -1.7027851052551153 -1.5513203725558995 2.4239158298300367e-06 -0.1372298517745719 -32.91548801228029 -13.396315469309695 -1.2803716665512783 -0.020696618163983594 -0.00014777984333919636 2.1499999999999977
 -0.12558656933832724 0.541658714188416 0.483051780617745 -1.5435560127110595 -1.4670240030056654 1.386281399422482 -1.7026719074867795 -1.5509062105384839 3.432684011706044e-06 -0.13753752338615322 -33.08483457803609 -13.340066420367847 -1.2887331385623546 -0.016923576216605576 -0.0001554167190837267 2.1599999999999975
 -0.1257928153171179 0.5423335051773313 0.4837365027142592 -1.5432403673800907 -1.4654232903047344 1.3831551955551307 -1.7025932266635913 -1.5507168447277149 3.945167491359314e-06 -0.13787718975285662 -33.248948902338604 -13.286440810551822 -1.2933009121604941 -0.012631296100743218 -0.00015515027804016986 2.1699999999999973
 -0.1259975099406025 0.5430092281127932 0.48442144492832795 -1.542612160162303 -1.4622037777075265 1.3768688948869556 -1.702407716867853 -1.5503879030638297 4.848251843547757e-06 -0.13825990228900237 -33.40764748378559 -13.235794955370185 -1.293878764980096 -0.007961562087866868 -0.00013147566313687314 2.179999999999997
 -0.12620092478873138 0.5436859830136526 0.4851067612859086 -1.542612160162303 -1.4622037777075265 1.3768688948869556 -1.702407716867853 -1.5503879030638297 4.848251843547757e-06 -0.13868862649529928 -33.56076530429484 -13.188442789769422 -1.2903013540091637 -0.003058058614193851 -8.191033992966549e-05 2.189999999999997
 -0.12660223942976176 0.545043118785312 0.4864779673210295 -1.5419888729788411 -1.4589646972088088 1.37055326901453 -1.7022339499382406 -1.550131690724938 5.2009789062168466e-06 -0.1391572243628966 -33.70815755664918 -13.144645854524784 -1.2824372180727543 0.001937942672556836 -2.101944234808889e-05 2.1999999999999966
 -0.12680045824316655 0.545723638027326 0.4871639656740142 -1.5416790930536308 -1.457339281205698 1.3673893628042437 -1.7021670450106248 -1.5500294277375932 5.149587516406484e-06 -0.13965058208180456 -33.849701391163684 -13.104605205127942 -1.2701936990725216 0.006890268165813205 2.941676636445265e-05 2.2099999999999964
 -0.12699741873140294 0.5464048249139174 0.4878497863240787 -1.5413704296799633 -1.4557115845428257 1.364224549413568 -1.702115649545087 -1.5499405220535065 5.001122730163843e-06 -0.14014596850514333 -33.98529774907796 -13.068455783284213 -1.2535238044296078 0.01166882703311676 5.6054002775832565e-05 2.219999999999996
 -0.1273855347531361 0.5477715372824222 0.4892213780813068 -1.5407583983773527 -1.4524503853178867 1.357902475290957 -1.7021054017190806 -1.5498151697260525 4.529716171042253e-06 -0.14061551877924253 -34.11487337852658 -13.036263721052414 -1.2324347006725462 0.01614912343478294 6.261858414913824e-05 2.229999999999996
 -0.12757720295753416 0.5484569922389742 0.48990711174004153 -1.5404548735016004 -1.4508179313079292 1.3547481944692779 -1.7021543514081907 -1.5497734612060983 4.2804056690215475e-06 -0.1410295425947911 -34.23838307557251 -13.008026925875784 -1.206997167852565 0.02021085748154854 6.458138091540738e-05 2.2399999999999958
 -0.12776747112623643 0.5491437175841286 0.49059266200277485 -1.5401530279571194 -1.449184999093739 1.3516004236378238 -1.7022432590599212 -1.5497431722716843 4.019600372551224e-06 -0.14136020027992258 -34.35581204983202 -12.983679112941433 -1.17735499558005 0.02373645714534644 7.453410041096233e-05 2.2499999999999956
 -0.12795616833954912 0.5498322286413162 0.4912781536436144 -1.539853207026388 -1.4475519676464739 1.3484619385028997 -1.7023838266322127 -1.5497242196222745 3.7302630726543384e-06 -0.1415850104762172 -34.46717811743981 -12.963097215163817 -1.1437330268860961 0.02661050905763156 9.059482350169258e-05 2.2599999999999953
 -0.12832987749806105 0.5512135741436481 0.49264821965729183 -1.5392594303942726 -1.444288009511097 1.3422175167673407 -1.7028218254650556 -1.5497087139958854 3.070573663777054e-06 -0.14168966834428476 -34.57253324305492 -12.94611183385372 -1.1064424328256102 0.02872096627410456 9.757786350069584e-05 2.269999999999995
 -0.12851510293154716 0.5519060221275698 0.4933322425573699 -1.5389657801697458 -1.4426589196000403 1.3391164317025934 -1.7031266606172668 -1.5497072822419078 2.773151178026012e-06 -0.14166975874876062 -34.67196386873832 -12.932520129850005 -1.0658818966076347 0.029962714979912673 8.00106953111263e-05 2.279999999999995
 -0.12869936775984397 0.5526000834662802 0.4940156862376302 -1.5386745161897704 -1.4410320574278854 1.3360318691063053 -1.703498774331056 -1.5497071095643093 2.573482115408865e-06 -0.14153112467580597 -34.76558954380185 -12.92210033038619 -1.0225337343147036 0.030243637346950385 3.619212419448257e-05 2.2899999999999947
 -0.12888299711582865 0.5532952471425836 0.4946983544660371 -1.5383853606303841 -1.4394075110367295 1.3329626573670241 -1.7039304602167107 -1.5497058801000936 2.4924543513549224e-06 -0.14128886725899403 -34.853559618668974 -12.91462686475222 -0.9769545615138032 0.02949278495736073 -1.846570072672333e-05 2.2999999999999945
 -0.1292485237715466 0.5546880145976107 0.4960599068724376 -1.5378143357466483 -1.4361693891537826 1.3268812343820953 -1.704987664104487 -1.5496910823781969 2.7270226841125123e-06 -0.14096517253609578 -34.93604813080986 -12.909885052254435 -0.9297608549452023 0.0276697513582409 -6.177389879505906e-05 2.3099999999999943
 -0.12943064793176826 0.5553857559049213 0.4967383826177332 -1.5375329413706034 -1.43455704887897 1.323874001082591 -1.7056251451061577 -1.5496714724574217 2.969067758762378e-06 -0.14058633984891628 -35.01324737747984 -12.907684256352605 -0.8816105242251342 0.024773901189335236 -8.044627422049381e-05 2.319999999999994
 -0.12961261138499733 0.5560838497527101 0.4974151222376607 -1.5372539649260828 -1.4329490028690381 1.3208870076096 -1.706324644704134 -1.549642416509979 3.2227914559257442e-06 -0.1401794908157964 -35.0853609110766 -12.907868505341009 -0.8331822290874024 0.02085190204392482 -7.835077014377554e-05 2.329999999999994
 -0.12979446308857567 0.5567820400027975 0.49808983735367557 -1.5369774837047272 -1.4313457506410163 1.3179212906651046 -1.707085478794963 -1.5496026268242051 3.4661598746765776e-06 -0.13976944540208056 -35.15259672824844 -12.910323784341218 -0.785154487000022 0.016002120483626724 -7.07250901165374e-05 2.3399999999999936
 -0.13015794869001343 0.5581781735256787 0.49943155964877267 -1.536433061929193 -1.4281568700635274 1.312064110718838 -1.7088058466447587 -1.549481723356922 3.906012846499607e-06 -0.13937616720513074 -35.21516126037502 -12.914981529761747 -0.7381865230510464 0.010374896561895105 -6.942759899873898e-05 2.3499999999999934
 -0.1303396569046182 0.558875163232231 0.5000979611268089 -1.5361648607629306 -1.4265715463791473 1.3091710980033548 -1.7097510006457046 -1.5494009354283076 4.124341495881367e-06 -0.1390130337003694 -35.27325449800912 -12.921818268129611 -0.6929023592553878 0.004168378545322408 -7.17448198183452e-05 2.359999999999993
 -0.13052131656191168 0.5595713220980887 0.500760711316013 -1.5358997626646813 -1.4249933951917715 1.306305805320335 -1.7107587653987917 -1.5493038018022247 4.32724039356458e-06 -0.13868602332751198 -35.327066311973915 -12.930851759236564 -0.6498789841481177 -0.002379724998796587 -6.223943851478296e-05 2.369999999999993
 -0.13070297477519277 0.5602663961162364 0.5014199840867075 -1.535637308972996 -1.4234214337025364 1.3034642373531504 -1.71181755280056 -1.549192697898441 4.4847546281090445e-06 -0.13839376999271133 -35.37677385380403 -12.942134343909157 -0.6096387806828374 -0.009003613006709637 -2.613066367177656e-05 2.379999999999993
 -0.1310657472432337 0.5616513557154421 0.502725407576066 -1.535121159504035 -1.4203000516092006 1.2978609216165173 -1.7140819764150876 -1.5489283002407026 4.454443057078095e-06 -0.1381283380197022 -35.422539849131695 -12.95574440107802 -0.5726458575346731 -0.015422951288500374 3.7021455941416366e-05 2.3899999999999926
 -0.1312465478357653 0.5623405458160395 0.5033701100505588 -1.5348679041980144 -1.4187521745297689 1.295103503553495 -1.71528580929305 -1.5487752916909967 4.1590554600290375e-06 -0.1378765188125608 -35.464511608291296 -12.971776868048835 -0.5393055752009833 -0.02135734087791017 0.00011085913393503088 2.3999999999999924
 -0.13142698690828994 0.5630273434176809 0.5040102734948836 -1.5346169810023271 -1.4172108513800596 1.292367708890712 -1.7165192423148117 -1.5486139054907975 3.7366335474686707e-06 -0.1376214376021333 -35.502820620933385 -12.990333685543867 -0.5099663821665785 -0.026540607045576325 0.00017319688037577217 2.409999999999992
 -0.131606614914703 0.5637109739719139 0.5046438927723472 -1.5343693556995985 -1.4156791265723294 1.289662692310154 -1.717789713716268 -1.548442507083391 3.168857952928761e-06 -0.13734427682492137 -35.5375826400944 -13.011514833583274 -0.4849230633544234 -0.030734011391115975 0.00021148764098988034 2.419999999999992
 -0.1319630782266706 0.5650682676194629 0.5058916838849781 -1.5338829101740625 -1.4126418670651972 1.2843352722942925 -1.7204126853437245 -1.5480809073407915 1.8272964918963908e-06 -0.13702596249065052 -35.56889818037354 -13.035410382801597 -0.4644206236864241 -0.03373773213195435 0.0002301914206611294 2.4299999999999917
 -0.13213937900089048 0.5657409082130544 0.5065045670198449 -1.5336441882011327 -1.4111375222587537 1.2817143092743741 -1.721753958272827 -1.547895844059303 1.151029366930345e-06 -0.13664870778869553 -35.596853353142365 -13.062093759396124 -0.4486582234602112 -0.03540020059661299 0.0002442304735564813 2.4399999999999915
 -0.132313967879863 0.5664090169408411 0.5071089303040023 -1.533408692564934 -1.4096435386321762 1.2791241004301401 -1.723110322084061 -1.5477111392892438 -1.009978196186978e-06 -0.13619735072632205 -35.62152094548294 -13.091616251544643 -0.43779277400156325 -0.03562507765823611 0.00026423551538270974 2.4499999999999913
 -0.13248763138321956 0.5670739049187201 0.5077080241970298 -1.5331750196019458 -1.4081554380346777 1.276551291865748 -1.7244736873592492 -1.5475274706884878 -1.768500224486047e-06 -0.13566045399544863 -35.64296163083486 -13.12400267781338 -0.431941944118676 -0.034375786232013594 0.00028600332868306997 2.459999999999991
 -0.13265860517601968 0.5677323209388571 0.5082957152267326 -1.5327190901857906 -1.40521933057601 1.2715163201918047 -1.7272066935393617 -1.5471821880520285 -2.1920518067375383e-06 -0.13503115775330446 -35.66122519171399 -13.15924807801223 -0.431186421032991 -0.03167760297630878 0.0002930060802368574 2.469999999999991
 -0.13299312522180465 0.5690322838855082 0.5094404676656848 -1.532495293402424 -1.4037661792328624 1.2690393580687456 -1.7285648260408557 -1.5470226112111432 -3.0228461342929336e-06 -0.13430779144671687 -35.676351645478654 -13.197315260922318 -0.4355713368190411 -0.027617377009272373 0.0002699372110944351 2.4799999999999907
 -0.13315695556151755 0.5696739201657819 0.5099988510587916 -1.5322743332122633 -1.4023236184563412 1.2665901581978964 -1.7299112121639562 -1.5468739835966243 -3.757844423191159e-06 -0.13349425470744103 -35.68837218890518 -13.238133054247983 -0.44510682050574657 -0.022340987135027877 0.00021611730940844406 2.4899999999999904
 -0.1333177493106177 0.5703087985043356 0.5105454333074877 -1.532056620087256 -1.4008932665553866 1.2641727285192612 -1.73123868520387 -1.5467399028385467 -4.336442838592802e-06 -0.13260016399303917 -35.697309906645216 -13.281595159333483 -0.45976765510464274 -0.016048658605208203 0.00014764596157996603 2.4999999999999902
 -0.13363018947488298 0.5715579758621326 0.5116029097509988 -1.531630412055227 -1.398067997410064 1.2594280834768865 -1.733817785453656 -1.5465188260637532 -4.999934023253161e-06 -0.13164073458653064 -35.70318021811114 -13.327559613484631 -0.4794920057252362 -0.008988237295752337 8.641022875354698e-05 2.50999999999999
 -0.13378207194937616 0.5721722301840134 0.5121142967624146 -1.5314215789658459 -1.3966724910738115 1.2570976568650245 -1.7350624571192022 -1.5464310590700912 -5.163381607609097e-06 -0.13063634159885107 -35.70599107100468 -13.375848984801271 -0.504179165583706 -0.001446491458088272 4.486209952836494e-05 2.51999999999999
 -0.13393101670211374 0.5727793271053006 0.5126136535541983 -1.5312155980811673 -1.395288600907051 1.2547951194391826 -1.7362719539537972 -1.5463587078856937 -5.251801296957126e-06 -0.12961169458066543 -35.70574293038164 -13.42625154103367 -0.5336862782562937 0.006261487858467374 1.895819430438409e-05 2.5299999999999896
 -0.13407653115990517 0.573378152557034 0.513098782411159 -1.5310128984928735 -1.3939180814187235 1.2525244615710882 -1.7374358228698412 -1.5463040798546466 -5.274721876169508e-06 -0.12859457407921282 -35.702428649569676 -13.478523726009634 -0.567824056580795 0.013804675832883655 -5.09495919975499e-06 2.5399999999999894
 -0.13435843903091857 0.574552154249024 0.5140287169980599 -1.5306164633228043 -1.3912140584078143 1.2480695886279314 -1.7396222481783212 -1.5462400067275182 -5.1355823824650315e-06 -0.12761411119147065 -35.69603332005435 -13.532394331295894 -0.6063516301579503 0.020850107497691065 -3.6110415071875265e-05 2.549999999999989
 -0.1344949460616348 0.5751266812305251 0.514472615923941 -1.5304228349288689 -1.3898813672537127 1.2458860660002857 -1.7406357770308656 -1.5462278584068727 -4.958637127572274e-06 -0.12669863887559496 -35.68653415908895 -13.587570743200457 -0.6489708139943058 0.027078182906153405 -6.772590457455958e-05 2.559999999999989
 -0.13462880249621265 0.5756931767470871 0.5149028938961908 -1.5302320997750707 -1.3885608451713232 1.243729900549412 -1.741594980103212 -1.5462262996274738 -4.732877971314053e-06 -0.12587320725016007 -35.67390040250985 -13.643747534327598 -0.6953203092747307 0.03219881993855116 -8.156856327122063e-05 2.5699999999999887
 -0.13476011217888376 0.576251528935914 0.515319333236533 -1.530044275292437 -1.3872525920768712 1.2416010502629353 -1.7424972344353655 -1.5462337717595958 -4.489751383118801e-06 -0.12515693395547559 -35.65809305305748 -13.700617414576977 -0.7449706186274099 0.035967735048531624 -6.146873628188607e-05 2.5799999999999885
 -0.1350141430949985 0.5773383995301405 0.516100804799715 -1.5296793552567047 -1.384681144402121 1.2374424462467948 -1.7440783472288386 -1.5462700166343968 -4.260918109899592e-06 -0.1245604454889385 -35.639064251399255 -13.75788415743016 -0.7974207365695477 0.03820181864077665 -7.071788523401644e-06 2.5899999999999883
 -0.13513803706391903 0.5778691150955104 0.5164698658976449 -1.5295013789907825 -1.3834143202125642 1.2354040538876232 -1.7447724809283898 -1.5462916085175564 -4.351061262397593e-06 -0.12408373889560709 -35.61675606976065 -13.815276635592557 -0.8520978788844684 0.03879228373613068 6.448081113285733e-05 2.599999999999988
 -0.13525973560672308 0.578390002174407 0.5168219948245496 -1.5293269161311462 -1.38216220685457 1.233397320494972 -1.745389244155044 -1.5463123502587859 -4.611507494978184e-06 -0.12371483633001988 -35.591098747181306 -13.872562652789032 -0.9083615539902432 0.03771410389859754 0.00013030167775740368 2.609999999999988
 -0.1353800347395059 0.5789037462234315 0.5171618339791739 -1.529154960723604 -1.38092050383446 1.231412988615948 -1.7459500349472945 -1.5463309420273088 -4.98285349070926e-06 -0.12342959703559639 -35.56200879389648 -13.92956098548236 -0.9655130775654148 0.035030297361557515 0.0001772961274442242 2.6199999999999877
 -0.13561497601342487 0.5799000250374032 0.5177875797006173 -1.528822398466926 -1.3784844098634306 1.2275451791191738 -1.7468212828045235 -1.546346817364995 -6.053921363324832e-06 -0.12319296471801246 -35.52938786888954 -13.986150070036675 -1.0228111235490287 0.030889917315483933 0.00020877514995552626 2.6299999999999875
 -0.13573048489074718 0.5803853510467094 0.5180782201205991 -1.5286608083629396 -1.3772857436094634 1.2256526792374727 -1.7471547196199868 -1.5463417323422615 -6.687297853247287e-06 -0.12296173849044982 -35.493123630887766 -14.04227213937342 -1.079493066647267 0.025519219114987633 0.00023703596400581514 2.6399999999999872
 -0.13584479707823519 0.5808621540993312 0.5183540322058389 -1.528502396839686 -1.3761001962744892 1.223788243170758 -1.7474208398557272 -1.5463261154995909 -7.386257440344934e-06 -0.12268867320073122 -35.45309360644858 -14.09793226138508 -1.134800799608953 0.019206378700749586 0.0002686510918542914 2.649999999999987
 -0.1359578124379985 0.5813293054984965 0.5186127800566102 -1.5283476817716828 -1.3749296981696517 1.2219563533961688 -1.747609954385453 -1.546296801293371 -8.161870578504704e-06 -0.12232741273749476 -35.40917240237424 -14.153192465376815 -1.1880086702524955 0.012281173705406519 0.0002952853356126793 2.659999999999987
 -0.13618055905070126 0.5822377579571868 0.5190841930071404 -1.5280483956133866 -1.3726297937263343 1.21838237995419 -1.7477872310622313 -1.546197601397565 -9.83525370479299e-06 -0.12183755080649365 -35.36124151883042 -14.208161725636687 -1.2384505386538758 0.0050919023508822206 0.00029810136442784174 2.6699999999999866
 -0.13629026698949492 0.5826792159821123 0.519297071085455 -1.527903930224329 -1.3715009035292658 1.2166418666111385 -1.7477811825577723 -1.5461271135852526 -1.0613684882088137e-05 -0.12118907996989566 -35.309200057923256 -14.262982865925656 -1.2855429570327983 -0.0020178034370582007 0.00026231596763854644 2.6799999999999864
 -0.13639890341986186 0.5831128598158827 0.5194957400382936 -1.5277627410776855 -1.37038523227113 1.2149310658863328 -1.7477191979403202 -1.5460437123297313 -1.1278404399739372e-05 -0.12036562420552188 -35.252974226753125 -14.317817498876419 -1.328802110228536 -0.008729826041809116 0.00018990208780197864 2.689999999999986
 -0.13650620887736525 0.5835376868904595 0.5196781575111933 -1.5276253845848924 -1.3692849531635645 1.213255408251566 -1.7475960854451156 -1.545945945222579 -1.1753327708419192e-05 -0.11936606922576799 -35.19252387297689 -14.372830078682558 -1.3678531716904831 -0.014768276103707859 9.98756870023795e-05 2.699999999999986
 -0.13671683377821428 0.5843641935437265 0.5199996768178885 -1.5273611555241136 -1.3671264829218863 1.21000213596328 -1.7472014609473305 -1.545715817653166 -1.2117986036841444e-05 -0.11820442147073508 -35.12784517205561 -14.428172147315264 -1.4024318179319977 -0.01991107172100642 1.5759365681362333e-05 2.7099999999999858
 -0.13681983373664686 0.5847662398305821 0.5201392830660739 -1.5272343659530119 -1.3660688160182328 1.2084266047414554 -1.7469403928325953 -1.5455867503667706 -1.2051123249534612e-05 -0.11690791216807724 -35.058969615072165 -14.483967888174112 -1.4323785913927756 -0.023996093212319776 -4.975157825355253e-05 2.7199999999999855
 -0.1369212123236372 0.5851615436222288 0.5202658580549119 -1.5271109396766676 -1.3650247155670554 1.2068839932587174 -1.7466449935809836 -1.5454509225474906 -1.1859902635080743e-05 -0.1155135426401611 -34.98596025881889 -14.540302063419757 -1.4576275214362846 -0.026922186959177807 -0.00010072117775298876 2.7299999999999853
 -0.1370205091528152 0.5855493366177269 0.5203776469827539 -1.5269914415914325 -1.3639964308679913 1.2053804830265387 -1.746315379261457 -1.5453093765907493 -1.154257794944158e-05 -0.11406346752103746 -34.90890659395991 -14.597211204142765 -1.47819088264627 -0.02864575190744054 -0.00015010348637937892 2.739999999999985
 -0.1372124063394593 0.5863047365899039 0.5205603471538912 -1.526763690298547 -1.3619850760316723 1.2024881717721918 -1.7455829694557048 -1.5450193841017237 -1.0545548952300976e-05 -0.11259981282289258 -34.82791933817183 -14.654678533639778 -1.4941421745831054 -0.02917402796061845 -0.00020501380041922361 2.749999999999985
 -0.13730454637478415 0.5866728933047466 0.5206320120075936 -1.5266554971906245 -1.3610024479023055 1.201101618024973 -1.7451938628225099 -1.5448762250940105 -9.863851984981409e-06 -0.11115965711143935 -34.74312607721059 -14.712632619187637 -1.5055993400569814 -0.028556461151273874 -0.00025765492343865975 2.7599999999999847
 -0.13739461159607372 0.5870364697970392 0.5206940634195024 -1.526550169811971 -1.360031531145907 1.199745788284897 -1.7447990578667998 -1.5447361515431783 -9.11494683908387e-06 -0.10977089634909235 -34.65466814379292 -14.770949304546342 -1.5127099233623975 -0.026875549617699397 -0.0002896315044887739 2.7699999999999845
 -0.13748204989782215 0.5873947537497242 0.5207448936296284 -1.5264482943317548 -1.3590747600034199 1.1984273977502662 -1.7444012979274097 -1.5446012019085877 -8.315087453247827e-06 -0.10844954914203321 -34.56269864655712 -14.829456194348198 -1.5156393749722539 -0.024238342351877874 -0.0002861841538839457 2.7799999999999843
 -0.13764700907099922 0.5880945402334882 0.520809217961054 -1.5262565801626016 -1.3572100834887557 1.1959238056407937 -1.7436224426110467 -1.5443585195811238 -6.829269495689516e-06 -0.10719879011733612 -34.46738129273213 -14.887938892767915 -1.514563137037688 -0.02076935133295472 -0.00024853080508120803 2.789999999999984
 