25000 100 0.0007799978176721656 2.5599999999999894
 25000 150 0.0005952975946039268 2.429999999999992
 25000 200 0.0006188261432021204 2.3099999999999947
 25000 250 0.0005012517824625067 2.209999999999997
 25000 350 0.0005364433595491842 2.0300000000000007
 25000 400 0.00043347956824132077 1.9600000000000015
 25000 450 0.0005665560832291029 1.8900000000000015
 25000 500 0.00038001282746607916 1.8300000000000014
 25000 550 0.0007302089016424662 1.7400000000000013
 25000 600 0.0006234519678142837 1.7100000000000013
 25000 650 0.000545353938548956 1.6800000000000013
 25000 700 0.0005663012453388158 1.6600000000000013
 25000 750 0.0005187210719105239 1.6400000000000012
 25000 800 0.00036150187100657553 1.6200000000000012
 25000 850 0.0001827257864213755 1.5900000000000012
 25000 900 0.0006869616636231693 1.5600000000000012
 25000 950 0.00035993781406551715 1.5400000000000011
 25000 1000 0.00042205898127193464 1.5200000000000011
 25500 200 0.0006295695606173916 2.239999999999996
 25500 350 0.0009914633946578745 1.9700000000000015
 25500 400 0.00041475971279785444 1.9100000000000015
 25500 450 0.0006197100536143918 1.8200000000000014
 25500 500 0.0004229719997629702 1.7800000000000014
 25500 550 0.0008485741756773984 1.6900000000000013
 