1.212697823661458 -0.10909521368221625 1.0661789963749304 1.02
 1.2126940959232526 -0.10909528281560191 1.0662128478078783 1.03
 1.2126966549770877 -0.10911461770578132 1.066178976091712 1.04
 1.212706602114373 -0.10910782960633439 1.0661928685661417 1.05
 1.2126925927803225 -0.10911462423762855 1.066168486473532 1.06
 1.212686425397525 -0.1090872668390008 1.0661893944158498 1.07
 1.2126935777077366 -0.10911559662700349 1.0661673457803316 1.08
 1.212706197395368 -0.10912246515601506 1.0662009553003213 1.09
 1.2127017143325012 -0.10911165464634379 1.0661836855637445 1.1
 1.2126994283876744 -0.10910683925607728 1.0661848063644128 1.11
 1.2127017255219559 -0.10911264089631872 1.0661789963749304 1.12
 1.2126958421518061 -0.1090952316831493 1.0661859371524156 1.1300000000000001
 1.2126953546425159 -0.10910684252250777 1.066178996007754 1.1400000000000001
 1.2127019709792473 -0.10911464330229526 1.0661942668367996 1.1500000000000001
 1.212700974894386 -0.10911366769636091 1.0662000868383914 1.1600000000000001
 1.2126914630625731 -0.10909213795396727 1.066169375325881 1.1700000000000002
 1.2127036645877227 -0.10910978495967066 1.0661908192273337 1.1800000000000002
 1.2079830530591278 -0.10915847958415656 1.0661683985154633 1.1900000000000002
 1.2029363986066144 -0.1091718932828035 1.0661582974969006 1.2000000000000002
 1.1881130599841279 -0.10919485433949003 1.0661495262876952 1.2100000000000002
 1.1680846751846654 -0.10924767082004633 1.066146673390398 1.2200000000000002
 1.1439125166021369 -0.10931300021992041 1.0662852005609125 1.2300000000000002
 1.1191610454625054 -0.10942594075139206 1.0661523427481194 1.2400000000000002
 1.1033964414559976 -0.1094815590055987 1.0661618526562457 1.2500000000000002
 1.1025787757765197 -0.10946354304127565 1.066132044784471 1.2600000000000002
 1.1025793140730544 -0.10943995784300839 1.0661367282326757 1.2700000000000002
 1.1025802281398247 -0.10945622234076116 1.066143907339791 1.2800000000000002
 1.10258473245986 -0.10946334757857476 1.066166305201614 1.2900000000000003
 1.1025883538817043 -0.10945520467114964 1.06616749525318 1.3000000000000003
 1.1025716699269084 -0.1094643204639946 1.0661461963599803 1.3100000000000003
 1.1025830584581846 -0.10946533800575203 1.0661641256127716 1.3200000000000003
 1.102592679619411 -0.1094734128049746 1.0661510130133314 1.3300000000000003
 1.1025869112283826 -0.10947145560770372 1.0661510359299056 1.3400000000000003
 1.093079958467344 -0.109484412639239 1.0661026502622573 1.3500000000000003
 1.068544757957633 -0.10959251520007768 1.0661465474528928 1.3600000000000003
 1.0626652313353984 -0.10961190305107094 1.0661727777859724 1.3700000000000003
 1.0625824261276557 -0.10962098668099612 1.0661946742364607 1.3800000000000003
 1.0578153666926273 -0.109618841626058 1.0661942505048858 1.3900000000000003
 1.0575763523758377 -0.10965302627838436 1.0708920800873594 1.4000000000000004
 1.0574943033378343 -0.1096352592240144 1.086115330356614 1.4100000000000004
 1.0574552326847615 -0.10966878466323604 1.1008674176707802 1.4200000000000004
 1.0575328604404952 -0.10972468885055237 1.1108562464232596 1.4300000000000004
 1.0574695105126564 -0.10966593069616526 1.1064998894633207 1.4400000000000004
 1.0574690246624454 -0.1096867070981496 1.106237439847467 1.4500000000000004
 1.0574936858646447 -0.10967547779139503 1.101352531523378 1.4600000000000004
 1.0574762265272346 -0.10965106246460221 1.10124170244266 1.4700000000000004
 1.0574870887365635 -0.10969763438993546 1.0963626481204 1.4800000000000004
 1.0574856683507092 -0.10969142030559514 1.0961980224623622 1.4900000000000004
 1.0575097154248025 -0.10967267207466042 1.0912504685631679 1.5000000000000004
 1.0574973199194357 -0.10964731614562828 1.0912027111951148 1.5100000000000005
 1.0575084229533183 -0.10963773733209387 1.0864012827420695 1.5200000000000005
 1.0575061456593242 -0.10964010198617541 1.0862148127073998 1.5300000000000005
 1.057502474589448 -0.10965169470767988 1.086193258833942 1.5400000000000005
 1.0575042427003973 -0.10965934476272698 1.0862025542077847 1.5500000000000005
 1.0575376129319887 -0.10969782800639222 1.0813496162825968 1.5600000000000005
 1.0575287722845395 -0.10968001050294646 1.0811737111181647 1.5700000000000005
 1.0575696537726986 -0.10974412679576995 1.0763534190096653 1.5800000000000005
 1.0575481568114464 -0.10967144109180615 1.0761964829080854 1.5900000000000005
 1.057548288302826 -0.10965023414588854 1.0762449378419643 1.6000000000000005
 1.057547109262376 -0.1096754187301156 1.0762132068444772 1.6100000000000005
 1.057552801113164 -0.10966479056551137 1.0762065176974083 1.6200000000000006
 1.0575413171371575 -0.109650129386695 1.076201837988022 1.6300000000000006
 1.0575414079222765 -0.10965681657142073 1.0762140368082278 1.6400000000000006
 1.057542386938083 -0.10965785523638871 1.0762217824750182 1.6500000000000006
 1.0575343878592292 -0.10964916304713385 1.0762134270695696 1.6600000000000006
 1.057535224775194 -0.10966482098442065 1.076201777352134 1.6700000000000006
 1.0575423063433216 -0.10963680228546724 1.0761952419084544 1.6800000000000006
 1.0575288556780267 -0.1096577758962175 1.076170574623445 1.6900000000000006
 1.057526943838852 -0.10963484049352018 1.07618216271493 1.7000000000000006
 1.057546355330337 -0.10965780782576268 1.0761998846329242 1.7100000000000006
 1.0575373714994751 -0.10965680942408867 1.076190545261594 1.7200000000000006
 1.057535902823199 -0.10963779725589123 1.0762118635361049 1.7300000000000006
 1.057545932134571 -0.10963387479324138 1.0762044622098421 1.7400000000000007
 1.0575317437818677 -0.10965111054738191 1.076178247251646 1.7500000000000007
 1.0575441902289984 -0.10965114690937372 1.0761965355155128 1.7600000000000007
 1.0575562372974097 -0.10965977937081894 1.0762082363876955 1.7700000000000007
 1.0575411396118874 -0.10965780890468246 1.0762045122878194 1.7800000000000007
 1.0575480886878714 -0.1096511588980455 1.0762151625191865 1.7900000000000007
 1.0575418698625518 -0.10965878162632575 1.0762032186688963 1.8000000000000007
 1.0575393312831638 -0.10966673477079947 1.0761845915947836 1.8100000000000007
 1.0575441902289984 -0.10965114690937372 1.0761965355155128 1.8200000000000007
 1.0575450103599306 -0.10965973155683179 1.076177919532265 1.8300000000000007
 1.0575369975462678 -0.10965209749286736 1.076169265890885 1.8400000000000007
 1.057543314306102 -0.10967436141446851 1.076169940827215 1.8500000000000008
 1.0575441184860734 -0.10968012783617392 1.0761964511895274 1.8600000000000008
 1.0575342443338427 -0.10965974109593801 1.0761662880199527 1.8700000000000008
 1.0575431004208917 -0.10964912969195306 1.0761838558454655 1.8800000000000008
 1.0575331949859037 -0.1096377740258675 1.076181259808223 1.8900000000000008
 1.0575351955284504 -0.10965978882962057 1.076194530018237 1.9000000000000008
 1.0575483150600231 -0.10966773306038369 1.0761939309818453 1.9100000000000008
 1.0575335552634197 -0.1096687151894738 1.0761749154635027 1.9200000000000008
 1.0575429666774476 -0.10966773881613578 1.0761938812596683 1.9300000000000008
 1.057540167356366 -0.1096521196764581 1.0761892038885223 1.9400000000000008
 1.0575350764224005 -0.10965113593911541 1.076182536066697 1.9500000000000008
 1.0575487596219273 -0.10967442358403795 1.0761905472089517 1.9600000000000009
 1.0575428113033403 -0.10965110517574517 1.0761745881571403 1.9700000000000009
 1.0575377018877452 -0.10965681305099667 1.0761752022251425 1.9800000000000009
 1.0575311459880923 -0.10965013320740069 1.0761842182255066 1.9900000000000009
 1.0575330621455405 -0.1096491289045034 1.076170913444477 2.000000000000001
 1.0575410066090138 -0.10966573942406671 1.0761616925443946 2.0100000000000007
 1.0575495777665729 -0.10968202526739967 1.0761719139459933 2.0200000000000005
 1.0575295884563576 -0.10965973154610564 1.0761692983684659 2.0300000000000002
 1.0575416046256672 -0.10965879084755847 1.0761938639313628 2.04
 1.0575461037283789 -0.1096491596771656 1.0761832133689864 2.05
 1.0575326976912431 -0.1096810633533919 1.0761658972475159 2.0599999999999996
 1.0575475507603824 -0.10965976249050075 1.076187942692703 2.0699999999999994
 1.0575365245990986 -0.10964812744003011 1.0761798616138927 2.079999999999999
 1.0575428697444633 -0.10965214562489028 1.076203852109961 2.089999999999999
 1.0575384483572738 -0.10965011124066681 1.0761666094525355 2.0999999999999988
 1.0575414114707884 -0.10966670832861064 1.0761759290845312 2.1099999999999985
 1.0575414855918577 -0.109650138033424 1.0761818700251404 2.1199999999999983
 1.0575336320246664 -0.10964151590408899 1.0761778240701385 2.129999999999998
 1.057526766293212 -0.10475501961250677 1.0761895851108878 2.139999999999998
 1.0575547781744956 -0.10463098080880051 1.076217844240282 2.1499999999999977
 1.0575607758549057 -0.10464861733107816 1.0762268318914072 2.1599999999999975
 1.0575607758549053 -0.10464861733107816 1.0762268318914072 2.1699999999999973
 1.057553992366214 -0.10462430779649134 1.0762071956294403 2.179999999999997
 1.057554118342054 -0.10462528714008962 1.0762118892522277 2.189999999999997
 1.0575515591009026 -0.10464056971111563 1.0762008766007694 2.1999999999999966
 1.0575546414182406 -0.10463196733740965 1.0762131830429364 2.2099999999999964
 1.0575566129858776 -0.10464060421377741 1.0762118892522277 2.219999999999996
 1.057566455979986 -0.10465631124280572 1.0762440713451982 2.229999999999996
 1.0575486944910408 -0.10461459761114461 1.0762041947413017 2.2399999999999958
 1.0575606693648143 -0.10464163344028476 1.0762148732722416 2.2499999999999956
 1.0575589042513447 -0.104626311883398 1.076213563263976 2.2599999999999953
 1.0575529760532103 -0.10463866133154498 1.0762184069576572 2.269999999999995
 1.057553474764107 -0.10461664466480969 1.076205885629725 2.279999999999995
 1.0575546414182404 -0.10463196733740965 1.0762131830429364 2.2899999999999947
 1.0575552852898127 -0.10464060981414935 1.0762191866811275 2.2999999999999945
 1.0575313107027537 -0.10948173233093689 1.076198980545783 2.3099999999999943
 1.0575350348053643 -0.10966009461807152 1.07619862523116 2.319999999999994
 1.0575443081568479 -0.10965911764488007 1.0762172321272574 2.329999999999994
 1.0575371570593823 -0.10965141035526271 1.0761825933358002 2.3399999999999936
 1.0575339463876574 -0.10963615672573862 1.0762179335810753 2.3499999999999934
 1.057537200251084 -0.1096437937702247 1.0762045933891018 2.359999999999993
 1.0575410933695144 -0.10965541202955309 1.0762305896464084 2.369999999999993
 1.0575453630660594 -0.10967673260465466 1.0762152640690903 2.379999999999993
 1.0575285981917992 -0.10963616216170236 1.0762178839582175 2.3899999999999926
 1.0575281384260402 -0.10478509693567228 1.0761685535633956 2.3999999999999924
 1.0575602727368785 -0.10464854715732991 1.076230569568809 2.409999999999992
 1.0575663882192345 -0.10464190555591707 1.0762126794997435 2.419999999999992
 1.0575264432189329 -0.10947376034256195 1.0761722474189963 2.4299999999999917
 1.0575390471296904 -0.10962923750169856 1.0762244092017514 2.4399999999999915
 1.0575310853488389 -0.10963983883369977 1.076205836925012 2.4499999999999913
 