0.18817561404705846 -0.725908768104069 1.0665606498400393 1.02
 0.18816293071394397 -0.7259330938001622 1.0665291216306085 1.03
 0.18816293071394397 -0.7259330938001622 1.0665291216306085 1.04
 0.18816293071394397 -0.7259330938001622 1.0665291216306085 1.05
 0.18816293071394397 -0.7259330938001622 1.0665291216306085 1.06
 0.18814236392202904 -0.7259848946509927 1.0664853811160941 1.07
 0.18814236392202904 -0.7259848946509927 1.0664853811160941 1.08
 0.18814236392202904 -0.7259848946509927 1.0664853811160941 1.09
 0.18814236392202904 -0.7259848946509927 1.0664853811160941 1.1
 0.18814236392202904 -0.7259848946509927 1.0664853811160941 1.11
 0.18818903124739844 -0.7259486186078461 1.0665182893070984 1.12
 0.18818903124739844 -0.7259486186078461 1.0665182893070984 1.1300000000000001
 0.18818903124739844 -0.7259486186078461 1.0665182893070984 1.1400000000000001
 0.18818903124739844 -0.7259486186078461 1.0665182893070984 1.1500000000000001
 0.18818903124739844 -0.7259486186078461 1.0665182893070984 1.1600000000000001
 0.18825928031518419 -0.7258769429492593 1.06658355537327 1.1700000000000002
 0.18825928031518419 -0.7258769429492593 1.06658355537327 1.1800000000000002
 0.18825928031518419 -0.7258769429492593 1.06658355537327 1.1900000000000002
 0.18825928031518419 -0.7258769429492593 1.06658355537327 1.2000000000000002
 0.1881216266961298 -0.7260025136287686 1.0664765170137855 1.2100000000000002
 0.1881216266961298 -0.7260025136287686 1.0664765170137855 1.2200000000000002
 0.1881216266961298 -0.7260025136287686 1.0664765170137855 1.2300000000000002
 0.1881216266961298 -0.7260025136287686 1.0664765170137855 1.2400000000000002
 0.1881216266961298 -0.7260025136287686 1.0664765170137855 1.2500000000000002
 0.18815216250191513 -0.7259477857979131 1.0665052942676123 1.2600000000000002
 0.18815216250191513 -0.7259477857979131 1.0665052942676123 1.2700000000000002
 0.18815216250191513 -0.7259477857979131 1.0665052942676123 1.2800000000000002
 0.18815216250191513 -0.7259477857979131 1.0665052942676123 1.2900000000000003
 0.18815216250191513 -0.7259477857979131 1.0665052942676123 1.3000000000000003
 0.18818876068431167 -0.7259663260142017 1.0665064725178817 1.3100000000000003
 0.18818876068431167 -0.7259663260142017 1.0665064725178817 1.3200000000000003
 0.18818876068431167 -0.7259663260142017 1.0665064725178817 1.3300000000000003
 0.18818876068431167 -0.7259663260142017 1.0665064725178817 1.3400000000000003
 0.18815695661163567 -0.7260107613484611 1.066470573107138 1.3500000000000003
 0.18815695661163567 -0.7260107613484611 1.066470573107138 1.3600000000000003
 0.18815695661163567 -0.7260107613484611 1.066470573107138 1.3700000000000003
 0.18815695661163567 -0.7260107613484611 1.066470573107138 1.3800000000000003
 0.18815695661163567 -0.7260107613484611 1.066470573107138 1.3900000000000003
 0.18815921814998038 -0.7259509535694311 1.0665212433006213 1.4000000000000004
 0.18815921814998038 -0.7259509535694311 1.0665212433006213 1.4100000000000004
 0.18815921814998038 -0.7259509535694311 1.0665212433006213 1.4200000000000004
 0.18815921814998038 -0.7259509535694311 1.0665212433006213 1.4300000000000004
 0.18810420048265197 -0.7260095010985628 1.0664774678321056 1.4400000000000004
 0.18810420048265197 -0.7260095010985628 1.0664774678321056 1.4500000000000004
 0.18810420048265197 -0.7260095010985628 1.0664774678321056 1.4600000000000004
 0.18810420048265197 -0.7260095010985628 1.0664774678321056 1.4700000000000004
 0.18810420048265197 -0.7260095010985628 1.0664774678321056 1.4800000000000004
 0.18818158958771086 -0.7259457572272373 1.0665098010834473 1.4900000000000004
 0.18818158958771086 -0.7259457572272373 1.0665098010834473 1.5000000000000004
 0.18818158958771086 -0.7259457572272373 1.0665098010834473 1.5100000000000005
 0.18818158958771086 -0.7259457572272373 1.0665098010834473 1.5200000000000005
 0.18811755111336592 -0.7259754791685666 1.0664965197309426 1.5300000000000005
 0.18811755111336592 -0.7259754791685666 1.0664965197309426 1.5400000000000005
 0.18811755111336592 -0.7259754791685666 1.0664965197309426 1.5500000000000005
 0.18811755111336592 -0.7259754791685666 1.0664965197309426 1.5600000000000005
 0.18811755111336592 -0.7259754791685666 1.0664965197309426 1.5700000000000005
 0.1881835386898995 -0.7259361226598641 1.066538210055164 1.5800000000000005
 0.1881835386898995 -0.7259361226598641 1.066538210055164 1.5900000000000005
 0.1881835386898995 -0.7259361226598641 1.066538210055164 1.6000000000000005
 0.1881835386898995 -0.7259361226598641 1.066538210055164 1.6100000000000005
 0.18819674336238856 -0.72594017609505 1.0665179827182965 1.6200000000000006
 0.18819674336238856 -0.72594017609505 1.0665179827182965 1.6300000000000006
 0.18819674336238856 -0.72594017609505 1.0665179827182965 1.6400000000000006
 0.18819674336238856 -0.72594017609505 1.0665179827182965 1.6500000000000006
 0.18819674336238856 -0.72594017609505 1.0665179827182965 1.6600000000000006
 0.18819599355902167 -0.7258955869188893 1.0665533226388844 1.6700000000000006
 0.18819599355902167 -0.7258955869188893 1.0665533226388844 1.6800000000000006
 0.18819599355902167 -0.7258955869188893 1.0665533226388844 1.6900000000000006
 0.18819599355902167 -0.7258955869188893 1.0665533226388844 1.7000000000000006
 0.18819599355902167 -0.7258955869188893 1.0665533226388844 1.7100000000000006
 0.18812721432806712 -0.7259716903386233 1.0665127082587638 1.7200000000000006
 0.18812721432806712 -0.7259716903386233 1.0665127082587638 1.7300000000000006
 0.18812721432806712 -0.7259716903386233 1.0665127082587638 1.7400000000000007
 0.18812721432806712 -0.7259716903386233 1.0665127082587638 1.7500000000000007
 0.18812721432806712 -0.7259716903386233 1.0665127082587638 1.7600000000000007
 0.18813901556759266 -0.726019647236289 1.0664473323539714 1.7700000000000007
 0.18813901556759266 -0.726019647236289 1.0664473323539714 1.7800000000000007
 0.18813901556759266 -0.726019647236289 1.0664473323539714 1.7900000000000007
 0.18813901556759266 -0.726019647236289 1.0664473323539714 1.8000000000000007
 0.18817041690651282 -0.7259351157880604 1.0665213449189692 1.8100000000000007
 0.18817041690651282 -0.7259351157880604 1.0665213449189692 1.8200000000000007
 0.18817041690651282 -0.7259351157880604 1.0665213449189692 1.8300000000000007
 0.18817041690651282 -0.7259351157880604 1.0665213449189692 1.8400000000000007
 0.18817731777675467 -0.7260154569518618 1.0664457677655763 1.8500000000000008
 0.18811004270474235 -0.7259218327104969 1.0665511003515415 1.8600000000000008
 0.18811004270474235 -0.7259218327104969 1.0665511003515415 1.8700000000000008
 0.18811004270474235 -0.7259218327104969 1.0665511003515415 1.8800000000000008
 0.18811004270474235 -0.7259218327104969 1.0665511003515415 1.8900000000000008
 0.18817732977854956 -0.7259344876889221 1.0665318670407076 1.9000000000000008
 0.18817732977854956 -0.7259344876889221 1.0665318670407076 1.9100000000000008
 0.18817732977854956 -0.7259344876889221 1.0665318670407076 1.9200000000000008
 0.18817732977854956 -0.7259344876889221 1.0665318670407076 1.9300000000000008
 0.18817732977854956 -0.7259344876889221 1.0665318670407076 1.9400000000000008
 0.18810420048265197 -0.7260095010985628 1.0664774678321056 1.9500000000000008
 0.18810420048265197 -0.7260095010985628 1.0664774678321056 1.9600000000000009
 0.18810420048265197 -0.7260095010985628 1.0664774678321056 1.9700000000000009
 0.18810420048265197 -0.7260095010985628 1.0664774678321056 1.9800000000000009
 0.18817124270062963 -0.7259973207805878 1.0664741865642755 1.9900000000000009
 0.18817124270062963 -0.7259973207805878 1.0664741865642755 2.000000000000001
 0.18817124270062963 -0.7259973207805878 1.0664741865642755 2.0100000000000007
 0.18817124270062963 -0.7259973207805878 1.0664741865642755 2.0200000000000005
 0.188155324033756 -0.7259266423128959 1.0665458268187407 2.0300000000000002
 0.188155324033756 -0.7259266423128959 1.0665458268187407 2.04
 0.188155324033756 -0.7259266423128959 1.0665458268187407 2.05
 0.188155324033756 -0.7259266423128959 1.0665458268187407 2.0599999999999996
 0.188155324033756 -0.7259266423128959 1.0665458268187407 2.0699999999999994
 0.18817119778862518 -0.7260119200261376 1.066465902221725 2.079999999999999
 0.18817119778862518 -0.7260119200261376 1.066465902221725 2.089999999999999
 0.18817119778862518 -0.7260119200261376 1.066465902221725 2.0999999999999988
 0.18817119778862518 -0.7260119200261376 1.066465902221725 2.1099999999999985
 0.1882049248849908 -0.7258965961106476 1.0665572062005475 2.1199999999999983
 0.1882049248849908 -0.7258965961106476 1.0665572062005475 2.129999999999998
 0.1882049248849908 -0.7258965961106476 1.0665572062005475 2.139999999999998
 0.1882049248849908 -0.7258965961106476 1.0665572062005475 2.1499999999999977
 0.1882049248849908 -0.7258965961106476 1.0665572062005475 2.1599999999999975
 0.18813795153014456 -0.725963672292372 1.0665198093100619 2.1699999999999973
 0.18813795153014456 -0.725963672292372 1.0665198093100619 2.179999999999997
 0.18813795153014456 -0.725963672292372 1.0665198093100619 2.189999999999997
 0.18813795153014456 -0.725963672292372 1.0665198093100619 2.1999999999999966
 0.18822655534140936 -0.7259676645078901 1.066493931709685 2.2099999999999964
 0.18822655534140936 -0.7259676645078901 1.066493931709685 2.219999999999996
 0.18822655534140936 -0.7259676645078901 1.066493931709685 2.229999999999996
 0.18822655534140936 -0.7259676645078901 1.066493931709685 2.2399999999999958
 0.18822655534140936 -0.7259676645078901 1.066493931709685 2.2499999999999956
 0.1881678519013678 -0.7258745227388066 1.0665790223798157 2.2599999999999953
 0.1881678519013678 -0.7258745227388066 1.0665790223798157 2.269999999999995
 0.1881678519013678 -0.7258745227388066 1.0665790223798157 2.279999999999995
 0.1881678519013678 -0.7258745227388066 1.0665790223798157 2.2899999999999947
 0.1881678519013678 -0.7258745227388066 1.0665790223798157 2.2999999999999945
 0.1881869935330921 -0.7259351009296966 1.0665282902187858 2.3099999999999943
 0.1881869935330921 -0.7259351009296966 1.0665282902187858 2.319999999999994
 0.1881869935330921 -0.7259351009296966 1.0665282902187858 2.329999999999994
 0.1881869935330921 -0.7259351009296966 1.0665282902187858 2.3399999999999936
 0.1881989734224943 -0.7259153038578817 1.0665436288730192 2.3499999999999934
 0.1881989734224943 -0.7259153038578817 1.0665436288730192 2.359999999999993
 0.1881989734224943 -0.7259153038578817 1.0665436288730192 2.369999999999993
 0.1881989734224943 -0.7259153038578817 1.0665436288730192 2.379999999999993
 0.1882011728045213 -0.7259880813460482 1.0664900467487668 2.3899999999999926
 0.1882011728045213 -0.7259880813460482 1.0664900467487668 2.3999999999999924
 0.1882011728045213 -0.7259880813460482 1.0664900467487668 2.409999999999992
 0.1882011728045213 -0.7259880813460482 1.0664900467487668 2.419999999999992
 0.1882011728045213 -0.7259880813460482 1.0664900467487668 2.4299999999999917
 0.18813980809597258 -0.72597446537254 1.0665052263439214 2.4399999999999915
 0.18813980809597258 -0.72597446537254 1.0665052263439214 2.4499999999999913
 0.18813980809597258 -0.72597446537254 1.0665052263439214 2.459999999999991
 0.18813980809597258 -0.72597446537254 1.0665052263439214 2.469999999999991
 0.18823351160401647 -0.7259511360641295 1.0665065439066579 2.4799999999999907
 0.18823351160401647 -0.7259511360641295 1.0665065439066579 2.4899999999999904
 0.18823351160401647 -0.7259511360641295 1.0665065439066579 2.4999999999999902
 0.18823351160401647 -0.7259511360641295 1.0665065439066579 2.50999999999999
 0.18823351160401647 -0.7259511360641295 1.0665065439066579 2.51999999999999
 0.1881466959973359 -0.7259409973560421 1.066527044462815 2.5299999999999896
 0.1881466959973359 -0.7259409973560421 1.066527044462815 2.5399999999999894
 0.1881466959973359 -0.7259409973560421 1.066527044462815 2.549999999999989
 0.1881466959973359 -0.7259409973560421 1.066527044462815 2.559999999999989
 0.1881466959973359 -0.7259409973560421 1.066527044462815 2.5699999999999887
 0.1881854140592682 -0.725909693230905 1.066548914345464 2.5799999999999885
 0.1881854140592682 -0.725909693230905 1.066548914345464 2.5899999999999883
 0.1881854140592682 -0.725909693230905 1.066548914345464 2.599999999999988
 0.1881854140592682 -0.725909693230905 1.066548914345464 2.609999999999988
 0.18817529107770103 -0.7259645538932947 1.0664962232437487 2.6199999999999877
 0.18817529107770103 -0.7259645538932947 1.0664962232437487 2.6299999999999875
 0.18817529107770103 -0.7259645538932947 1.0664962232437487 2.6399999999999872
 0.18817529107770103 -0.7259645538932947 1.0664962232437487 2.649999999999987
 0.18817529107770103 -0.7259645538932947 1.0664962232437487 2.659999999999987
 0.18817356621298376 -0.725880023283964 1.0666041696660202 2.6699999999999866
 0.18817356621298376 -0.725880023283964 1.0666041696660202 2.6799999999999864
 0.18817356621298376 -0.725880023283964 1.0666041696660202 2.689999999999986
 0.18817356621298376 -0.725880023283964 1.0666041696660202 2.699999999999986
 0.18815418718551347 -0.7259678183966239 1.0665091314141812 2.7099999999999858
 0.18815418718551347 -0.7259678183966239 1.0665091314141812 2.7199999999999855
 0.18815418718551347 -0.7259678183966239 1.0665091314141812 2.7299999999999853
 0.18815418718551347 -0.7259678183966239 1.0665091314141812 2.739999999999985
 0.18815418718551347 -0.7259678183966239 1.0665091314141812 2.749999999999985
 0.1881378373527665 -0.7259090906416371 1.0665641188157735 2.7599999999999847
 0.1881378373527665 -0.7259090906416371 1.0665641188157735 2.7699999999999845
 0.1881378373527665 -0.7259090906416371 1.0665641188157735 2.7799999999999843
 0.1881378373527665 -0.7259090906416371 1.0665641188157735 2.789999999999984
 0.18821336006121314 -0.7259796912457095 1.0664740237019288 2.799999999999984
 0.18821336006121314 -0.7259796912457095 1.0664740237019288 2.8099999999999836
 0.18821336006121314 -0.7259796912457095 1.0664740237019288 2.8199999999999834
 0.18821336006121314 -0.7259796912457095 1.0664740237019288 2.829999999999983
 0.18821336006121314 -0.7259796912457095 1.0664740237019288 2.839999999999983
 0.1881508792419056 -0.725964473076133 1.0664956987551393 2.8499999999999828
 0.1881508792419056 -0.725964473076133 1.0664956987551393 2.8599999999999826
 0.1881508792419056 -0.725964473076133 1.0664956987551393 2.8699999999999823
 0.1881508792419056 -0.725964473076133 1.0664956987551393 2.879999999999982
 0.1882159816324162 -0.7259003826059067 1.066551396392391 2.889999999999982
 0.1882159816324162 -0.7259003826059067 1.066551396392391 2.8999999999999817
 0.1882159816324162 -0.7259003826059067 1.066551396392391 2.9099999999999815
 0.1882159816324162 -0.7259003826059067 1.066551396392391 2.9199999999999813
 0.1882159816324162 -0.7259003826059067 1.066551396392391 2.929999999999981
 0.18812497259082606 -0.7260001229148257 1.0664850706526492 2.939999999999981
 0.18812497259082606 -0.7260001229148257 1.0664850706526492 2.9499999999999806
 0.18812497259082606 -0.7260001229148257 1.0664850706526492 2.9599999999999804
 0.18812497259082606 -0.7260001229148257 1.0664850706526492 2.96999999999998
 0.18812103486657294 -0.7259581616863016 1.0665192747753878 2.97999999999998
 0.18812103486657294 -0.7259581616863016 1.0665192747753878 2.98999999999998
 0.18812103486657294 -0.7259581616863016 1.0665192747753878 2.9999999999999796
 0.18812103486657294 -0.7259581616863016 1.0665192747753878 3.0099999999999794
 0.18812103486657294 -0.7259581616863016 1.0665192747753878 3.019999999999979
 0.18819952089118308 -0.7259742572717457 1.0664925878837004 3.029999999999979
 0.18819952089118308 -0.7259742572717457 1.0664925878837004 3.0399999999999787
 0.18819952089118308 -0.7259742572717457 1.0664925878837004 3.0499999999999785
 0.18819952089118308 -0.7259742572717457 1.0664925878837004 3.0599999999999783
 0.18827503048278088 -0.7259697501418196 1.0664936241025758 3.069999999999978
 0.18827503048278088 -0.7259697501418196 1.0664936241025758 3.079999999999978
 0.18827503048278088 -0.7259697501418196 1.0664936241025758 3.0899999999999777
 0.18827503048278088 -0.7259697501418196 1.0664936241025758 3.0999999999999774
 0.18827503048278088 -0.7259697501418196 1.0664936241025758 3.1099999999999772
 0.18816293229568115 -0.7259509612835713 1.0665269629803507 3.119999999999977
 0.18816293229568115 -0.7259509612835713 1.0665269629803507 3.129999999999977
 0.18816293229568115 -0.7259509612835713 1.0665269629803507 3.1399999999999766
 0.18816293229568115 -0.7259509612835713 1.0665269629803507 3.1499999999999764
 0.18816293229568115 -0.7259509612835713 1.0665269629803507 3.159999999999976
 0.18818207372715867 -0.7258830808606949 1.0665701602844238 3.169999999999976
 0.18818207372715867 -0.7258830808606949 1.0665701602844238 3.1799999999999757
 0.18818207372715867 -0.7258830808606949 1.0665701602844238 3.1899999999999755
 0.18818207372715867 -0.7258830808606949 1.0665701602844238 3.1999999999999753
 0.18818331252205123 -0.7259181736943698 1.066546440932472 3.209999999999975
 0.18818331252205123 -0.7259181736943698 1.066546440932472 3.219999999999975
 0.18818331252205123 -0.7259181736943698 1.066546440932472 3.2299999999999747
 0.18818331252205123 -0.7259181736943698 1.066546440932472 3.2399999999999745
 0.18818331252205123 -0.7259181736943698 1.066546440932472 3.2499999999999742
 0.1882513994498864 -0.725879427595823 1.0665620192654854 3.259999999999974
 0.1882513994498864 -0.725879427595823 1.0665620192654854 3.269999999999974
 0.1882513994498864 -0.725879427595823 1.0665620192654854 3.2799999999999736
 0.1882513994498864 -0.725879427595823 1.0665620192654854 3.2899999999999734
 0.18820941075856273 -0.725901543604042 1.0665496792167417 3.299999999999973
 0.18820941075856273 -0.725901543604042 1.0665496792167417 3.309999999999973
 0.18820941075856273 -0.725901543604042 1.0665496792167417 3.3199999999999728
 0.18820941075856273 -0.725901543604042 1.0665496792167417 3.3299999999999725
 0.18820941075856273 -0.725901543604042 1.0665496792167417 3.3399999999999723
 0.18822889171149415 -0.7259278990222333 1.0665359770228409 3.349999999999972
 0.18822889171149415 -0.7259278990222333 1.0665359770228409 3.359999999999972
 0.18822889171149415 -0.7259278990222333 1.0665359770228409 3.3699999999999717
 0.18822889171149415 -0.7259278990222333 1.0665359770228409 3.3799999999999715
 0.1881706418178502 -0.7259618316548236 1.0665037819588683 3.3899999999999713
 0.1881706418178502 -0.7259618316548236 1.0665037819588683 3.399999999999971
 0.1881706418178502 -0.7259618316548236 1.0665037819588683 3.409999999999971
 0.1881706418178502 -0.7259618316548236 1.0665037819588683 3.4199999999999706
 0.18809900555716091 -0.7259914111312306 1.0664904222155618 3.4299999999999704
 0.18809900555716091 -0.7259914111312306 1.0664904222155618 3.43999999999997
 0.18809900555716091 -0.7259914111312306 1.0664904222155618 3.44999999999997
 0.18809900555716091 -0.7259914111312306 1.0664904222155618 3.4599999999999698
 0.18809900555716091 -0.7259914111312306 1.0664904222155618 3.4699999999999696
 0.18816313717643673 -0.7259479301875953 1.0665149208273785 3.4799999999999693
 0.18816313717643673 -0.7259479301875953 1.0665149208273785 3.489999999999969
 0.18816313717643673 -0.7259479301875953 1.0665149208273785 3.499999999999969
 0.18816313717643673 -0.7259479301875953 1.0665149208273785 3.5099999999999687
 0.18814935773891017 -0.7259204980486971 1.0665459595312354 3.5199999999999685
 0.18814935773891017 -0.7259204980486971 1.0665459595312354 3.5299999999999683
 0.18814935773891017 -0.7259204980486971 1.0665459595312354 3.539999999999968
 0.18814935773891017 -0.7259204980486971 1.0665459595312354 3.549999999999968
 0.18814935773891017 -0.7259204980486971 1.0665459595312354 3.5599999999999676
 0.18814053887316157 -0.7259255549832342 1.0665505414516692 3.5699999999999674
 0.18814053887316157 -0.7259255549832342 1.0665505414516692 3.579999999999967
 0.18814053887316157 -0.7259255549832342 1.0665505414516692 3.589999999999967
 0.18814053887316157 -0.7259255549832342 1.0665505414516692 3.599999999999967
 0.18820288636286647 -0.7259936668982003 1.0664754327457333 3.6099999999999666
 0.18820288636286647 -0.7259936668982003 1.0664754327457333 3.6199999999999664
 0.18820288636286647 -0.7259936668982003 1.0664754327457333 3.629999999999966
 0.18820288636286647 -0.7259936668982003 1.0664754327457333 3.639999999999966
 0.1881323356294824 -0.7259765664479044 1.0664918056141963 3.6499999999999657
 0.1881645278014238 -0.7259511027048965 1.0665126887646148 3.6599999999999655
 0.1881645278014238 -0.7259511027048965 1.0665126887646148 3.6699999999999653
 0.1881645278014238 -0.7259511027048965 1.0665126887646148 3.679999999999965
 0.1881645278014238 -0.7259511027048965 1.0665126887646148 3.689999999999965
 0.18811358943645184 -0.7259737897982771 1.066517432405374 3.6999999999999647
 0.18811358943645184 -0.7259737897982771 1.066517432405374 3.7099999999999644
 0.18811358943645184 -0.7259737897982771 1.066517432405374 3.7199999999999642
 0.18811358943645184 -0.7259737897982771 1.066517432405374 3.729999999999964
 0.18817995977752922 -0.7259625346607753 1.0665002051023802 3.739999999999964
 0.18817995977752922 -0.7259625346607753 1.0665002051023802 3.7499999999999636
 0.18817995977752922 -0.7259625346607753 1.0665002051023802 3.7599999999999634
 0.18817995977752922 -0.7259625346607753 1.0665002051023802 3.769999999999963
 0.18817995977752922 -0.7259625346607753 1.0665002051023802 3.779999999999963
 0.18816176307220134 -0.7259373589026505 1.0665213449189692 3.7899999999999627
 0.18816176307220134 -0.7259373589026505 1.0665213449189692 3.7999999999999625
 0.18816176307220134 -0.7259373589026505 1.0665213449189692 3.8099999999999623
 0.18816176307220134 -0.7259373589026505 1.0665213449189692 3.819999999999962
 0.1881805058270687 -0.726021485802135 1.0664491619909904 3.829999999999962
 0.1881805058270687 -0.726021485802135 1.0664491619909904 3.8399999999999617
 0.1881805058270687 -0.726021485802135 1.0664491619909904 3.8499999999999615
 0.1881805058270687 -0.726021485802135 1.0664491619909904 3.8599999999999612
 0.1881805058270687 -0.726021485802135 1.0664491619909904 3.869999999999961
 0.1881831731348495 -0.7259331001670348 1.066532239945294 3.879999999999961
 0.1881831731348495 -0.7259331001670348 1.066532239945294 3.8899999999999606
 0.1881831731348495 -0.7259331001670348 1.066532239945294 3.8999999999999604
 0.1881831731348495 -0.7259331001670348 1.066532239945294 3.90999999999996
 0.1881831731348495 -0.7259331001670348 1.066532239945294 3.91999999999996
 0.18817345860033186 -0.7259956955556223 1.066470926318428 3.9299999999999597
 0.18817345860033186 -0.7259956955556223 1.066470926318428 3.9399999999999595
 0.18817345860033186 -0.7259956955556223 1.066470926318428 3.9499999999999593
 0.18817345860033186 -0.7259956955556223 1.066470926318428 3.959999999999959
 0.18817345860033186 -0.7259956955556223 1.066470926318428 3.969999999999959
 0.1881965797027717 -0.7259915035678202 1.0664697882150016 3.9799999999999587
 0.1881965797027717 -0.7259915035678202 1.0664697882150016 3.9899999999999585
 0.1881965797027717 -0.7259915035678202 1.0664697882150016 3.9999999999999583
 0.1881965797027717 -0.7259915035678202 1.0664697882150016 4.009999999999958
 0.1881965797027717 -0.7259915035678202 1.0664697882150016 4.019999999999958
 0.1882143053481783 -0.7259753444661148 1.066487872680582 4.029999999999958
 0.1882143053481783 -0.7259753444661148 1.066487872680582 4.039999999999957
 0.1882143053481783 -0.7259753444661148 1.066487872680582 4.049999999999957
 0.1882143053481783 -0.7259753444661148 1.066487872680582 4.059999999999957
 0.1881480699127301 -0.7259515687953603 1.0665206203996362 4.069999999999957
 0.1881480699127301 -0.7259515687953603 1.0665206203996362 4.0799999999999566
 0.1881480699127301 -0.7259515687953603 1.0665206203996362 4.089999999999956
 0.1881480699127301 -0.7259515687953603 1.0665206203996362 4.099999999999956
 0.1881480699127301 -0.7259515687953603 1.0665206203996362 4.109999999999956
 0.18810310299487326 -0.7259296611124135 1.0665364864050364 4.119999999999956
 0.18810310299487326 -0.7259296611124135 1.0665364864050364 4.1299999999999555
 0.18810310299487326 -0.7259296611124135 1.0665364864050364 4.139999999999955
 0.18810310299487326 -0.7259296611124135 1.0665364864050364 4.149999999999955
 0.18810310299487326 -0.7259296611124135 1.0665364864050364 4.159999999999955
 0.18821777627279246 -0.7258540971026838 1.0665853737450388 4.169999999999955
 0.18821777627279246 -0.7258540971026838 1.0665853737450388 4.179999999999954
 0.18821777627279246 -0.7258540971026838 1.0665853737450388 4.189999999999954
 0.18821777627279246 -0.7258540971026838 1.0665853737450388 4.199999999999954
 0.18818965597809978 -0.7259146010452013 1.0665472056928467 4.209999999999954
 0.18818965597809978 -0.7259146010452013 1.0665472056928467 4.219999999999954
 0.18818965597809978 -0.7259146010452013 1.0665472056928467 4.229999999999953
 0.18818965597809978 -0.7259146010452013 1.0665472056928467 4.239999999999953
 0.1881858469716683 -0.7259319328252798 1.0665400257889324 4.249999999999953
 0.18817908869338773 -0.7259883353790775 1.0664723372326907 4.259999999999953
 0.18817908869338773 -0.7259883353790775 1.0664723372326907 4.2699999999999525
 0.18817908869338773 -0.7259883353790775 1.0664723372326907 4.279999999999952
 0.18817908869338773 -0.7259883353790775 1.0664723372326907 4.289999999999952
 0.18811594548873195 -0.7259663338054625 1.0664997899525133 4.299999999999952
 0.18811594548873195 -0.7259663338054625 1.0664997899525133 4.309999999999952
 0.18811594548873195 -0.7259663338054625 1.0664997899525133 4.319999999999951
 0.18811594548873195 -0.7259663338054625 1.0664997899525133 4.329999999999951
 0.18816403420139344 -0.7259687290153637 1.0665069436088987 4.339999999999951
 0.18816403420139344 -0.7259687290153637 1.0665069436088987 4.349999999999951
 0.18816403420139344 -0.7259687290153637 1.0665069436088987 4.359999999999951
 0.18816403420139344 -0.7259687290153637 1.0665069436088987 4.36999999999995
 0.18816403420139344 -0.7259687290153637 1.0665069436088987 4.37999999999995
 0.18815972992547014 -0.7259858190637999 1.0664961770953811 4.38999999999995
 0.18815972992547014 -0.7259858190637999 1.0664961770953811 4.39999999999995
 0.18815972992547014 -0.7259858190637999 1.0664961770953811 4.4099999999999495
 0.18815972992547014 -0.7259858190637999 1.0664961770953811 4.419999999999949
 0.1881814713976605 -0.7259867032368453 1.0664806912410913 4.429999999999949
 0.1881814713976605 -0.7259867032368453 1.0664806912410913 4.439999999999949
 0.1881814713976605 -0.7259867032368453 1.0664806912410913 4.449999999999949
 0.1881814713976605 -0.7259867032368453 1.0664806912410913 4.4599999999999485
 0.188185943321862 -0.7259760448086053 1.0664936822787818 4.469999999999948
 0.188185943321862 -0.7259760448086053 1.0664936822787818 4.479999999999948
 0.188185943321862 -0.7259760448086053 1.0664936822787818 4.489999999999948
 0.188185943321862 -0.7259760448086053 1.0664936822787818 4.499999999999948
 0.188185943321862 -0.7259760448086053 1.0664936822787818 4.509999999999947
 0.18820242227745404 -0.7260061800761656 1.066473612576498 4.519999999999947
 0.18820242227745404 -0.7260061800761656 1.066473612576498 4.529999999999947
 0.18820242227745404 -0.7260061800761656 1.066473612576498 4.539999999999947
 0.18820242227745404 -0.7260061800761656 1.066473612576498 4.5499999999999465
 0.18816112582828137 -0.7259374287859254 1.0665347225442152 4.559999999999946
 0.18816112582828137 -0.7259374287859254 1.0665347225442152 4.569999999999946
 0.18816112582828137 -0.7259374287859254 1.0665347225442152 4.579999999999946
 0.18816112582828137 -0.7259374287859254 1.0665347225442152 4.589999999999946
 0.18816112582828137 -0.7259374287859254 1.0665347225442152 4.5999999999999455
 0.1881331230624081 -0.7258912210174927 1.0665689140359182 4.609999999999945
 0.1881331230624081 -0.7258912210174927 1.0665689140359182 4.619999999999945
 0.1881331230624081 -0.7258912210174927 1.0665689140359182 4.629999999999945
 0.1881331230624081 -0.7258912210174927 1.0665689140359182 4.639999999999945
 0.1881983495062205 -0.7259929042668535 1.066469066968194 4.649999999999944
 0.1881983495062205 -0.7259929042668535 1.066469066968194 4.659999999999944
 0.1881983495062205 -0.7259929042668535 1.066469066968194 4.669999999999944
 0.1881983495062205 -0.7259929042668535 1.066469066968194 4.679999999999944
 0.18821364154956 -0.7259723982352546 1.0664914495396363 4.6899999999999435
 0.18821364154956 -0.7259723982352546 1.0664914495396363 4.699999999999943
 0.18821364154956 -0.7259723982352546 1.0664914495396363 4.709999999999943
 0.18821364154956 -0.7259723982352546 1.0664914495396363 4.719999999999943
 0.18821364154956 -0.7259723982352546 1.0664914495396363 4.729999999999943
 0.18815411629008982 -0.7258939432919553 1.0665705423824974 4.7399999999999425
 0.18815411629008982 -0.7258939432919553 1.0665705423824974 4.749999999999942
 0.18815411629008982 -0.7258939432919553 1.0665705423824974 4.759999999999942
 0.18815411629008982 -0.7258939432919553 1.0665705423824974 4.769999999999942
 0.18821050797016248 -0.7259515625765476 1.066511758498563 4.779999999999942
 0.18821050797016248 -0.7259515625765476 1.066511758498563 4.789999999999941
 0.18821050797016248 -0.7259515625765476 1.066511758498563 4.799999999999941
 0.18821050797016248 -0.7259515625765476 1.066511758498563 4.809999999999941
 0.18821050797016248 -0.7259515625765476 1.066511758498563 4.819999999999941
 0.18819434147659475 -0.725881762603089 1.066555862557288 4.829999999999941
 0.18819434147659475 -0.725881762603089 1.066555862557288 4.83999999999994
 0.18819434147659475 -0.725881762603089 1.066555862557288 4.84999999999994
 0.18819434147659475 -0.725881762603089 1.066555862557288 4.85999999999994
 0.18819434147659475 -0.725881762603089 1.066555862557288 4.86999999999994
 0.18821868192363156 -0.7259604307955132 1.066492175054953 4.8799999999999395
 0.18821868192363156 -0.7259604307955132 1.066492175054953 4.889999999999939
 0.18821868192363156 -0.7259604307955132 1.066492175054953 4.899999999999939
 0.18821868192363156 -0.7259604307955132 1.066492175054953 4.909999999999939
 0.18821868192363156 -0.7259604307955132 1.066492175054953 4.919999999999939
 0.18811036234305534 -0.7260056320713136 1.0664768439460253 4.929999999999938
 0.18811036234305534 -0.7260056320713136 1.0664768439460253 4.939999999999938
 0.18811036234305534 -0.7260056320713136 1.0664768439460253 4.949999999999938
 0.18811036234305534 -0.7260056320713136 1.0664768439460253 4.959999999999938
 0.18819830954111488 -0.7259123575981021 1.0665472056928464 4.969999999999938
 0.18819830954111488 -0.7259123575981021 1.0665472056928464 4.979999999999937
 0.18819830954111488 -0.7259123575981021 1.0665472056928464 4.989999999999937
 0.18819830954111488 -0.7259123575981021 1.0665472056928464 4.999999999999937
 0.18819830954111488 -0.7259123575981021 1.0665472056928464 5.009999999999937
 0.18814731573060328 -0.7259690546094617 1.066516961908977 5.0199999999999365
 0.18814731573060328 -0.7259690546094617 1.066516961908977 5.029999999999936
 0.18814731573060328 -0.7259690546094617 1.066516961908977 5.039999999999936
 0.18814731573060328 -0.7259690546094617 1.066516961908977 5.049999999999936
 0.18814731573060328 -0.7259690546094617 1.066516961908977 5.059999999999936
 0.18817027387175522 -0.7259313199333299 1.0665159183837765 5.0699999999999354
 0.18817027387175522 -0.7259313199333299 1.0665159183837765 5.079999999999935
 0.18817027387175522 -0.7259313199333299 1.0665159183837765 5.089999999999935
 0.18817027387175522 -0.7259313199333299 1.0665159183837765 5.099999999999935
 0.18813662434901257 -0.7259279562976484 1.0665480585214588 5.109999999999935
 0.18813662434901257 -0.7259279562976484 1.0665480585214588 5.119999999999934
 0.18813662434901257 -0.7259279562976484 1.0665480585214588 5.129999999999934
 0.18813662434901257 -0.7259279562976484 1.0665480585214588 5.139999999999934
 0.18818692082372884 -0.7259765077086098 1.0664891096219373 5.149999999999934
 0.18818692082372884 -0.7259765077086098 1.0664891096219373 5.1599999999999335
 0.18818692082372884 -0.7259765077086098 1.0664891096219373 5.169999999999933
 0.18818692082372884 -0.7259765077086098 1.0664891096219373 5.179999999999933
 0.18818692082372884 -0.7259765077086098 1.0664891096219373 5.189999999999933
 0.18817344338823977 -0.7259595112305646 1.0665123800859364 5.199999999999933
 0.18817344338823977 -0.7259595112305646 1.0665123800859364 5.2099999999999325
 0.18817344338823977 -0.7259595112305646 1.0665123800859364 5.219999999999932
 0.18817344338823977 -0.7259595112305646 1.0665123800859364 5.229999999999932
 0.18817344338823977 -0.7259595112305646 1.0665123800859364 5.239999999999932
 0.1882380281047833 -0.7259258769783207 1.0665278183035056 5.249999999999932
 0.1882380281047833 -0.7259258769783207 1.0665278183035056 5.259999999999931
 0.1882380281047833 -0.7259258769783207 1.0665278183035056 5.269999999999931
 0.1882380281047833 -0.7259258769783207 1.0665278183035056 5.279999999999931
 0.1881162950499362 -0.7259281799708975 1.066542853213656 5.289999999999931
 0.1881162950499362 -0.7259281799708975 1.066542853213656 5.2999999999999305
 0.1881162950499362 -0.7259281799708975 1.066542853213656 5.30999999999993
 0.1881162950499362 -0.7259281799708975 1.066542853213656 5.31999999999993
 0.1881162950499362 -0.7259281799708975 1.066542853213656 5.32999999999993
 0.18810960327926207 -0.7259699072086772 1.0664990235085847 5.33999999999993
 0.18810960327926207 -0.7259699072086772 1.0664990235085847 5.3499999999999295
 0.18810960327926207 -0.7259699072086772 1.0664990235085847 5.359999999999929
 0.18810960327926207 -0.7259699072086772 1.0664990235085847 5.369999999999929
 0.18819689071507323 -0.7259163860753987 1.0665453464784214 5.379999999999929
 0.18819689071507323 -0.7259163860753987 1.0665453464784214 5.389999999999929
 0.18819689071507323 -0.7259163860753987 1.0665453464784214 5.399999999999928
 0.18819689071507323 -0.7259163860753987 1.0665453464784214 5.409999999999928
 0.188145760908224 -0.7259557587159493 1.0665188042717504 5.419999999999928
 0.188145760908224 -0.7259557587159493 1.0665188042717504 5.429999999999928
 0.188145760908224 -0.7259557587159493 1.0665188042717504 5.439999999999928
 0.188145760908224 -0.7259557587159493 1.0665188042717504 5.449999999999927
 0.188145760908224 -0.7259557587159493 1.0665188042717504 5.459999999999927
 0.1881245090637883 -0.7259304274825495 1.066536422240127 5.469999999999927
 0.1881245090637883 -0.7259304274825495 1.066536422240127 5.479999999999927
 0.1881245090637883 -0.7259304274825495 1.066536422240127 5.4899999999999265
 0.1881245090637883 -0.7259304274825495 1.066536422240127 5.499999999999926
 0.1881245090637883 -0.7259304274825495 1.066536422240127 5.509999999999926
 0.1881252434417544 -0.7259846528555082 1.066497729849371 5.519999999999926
 0.1881252434417544 -0.7259846528555082 1.066497729849371 5.529999999999926
 0.1881252434417544 -0.7259846528555082 1.066497729849371 5.539999999999925
 0.1881252434417544 -0.7259846528555082 1.066497729849371 5.549999999999925
 0.1881252434417544 -0.7259846528555082 1.066497729849371 5.559999999999925
 0.18815233217160304 -0.7259545979909343 1.0665205215283597 5.569999999999925
 0.18815233217160304 -0.7259545979909343 1.0665205215283597 5.579999999999925
 0.18815233217160304 -0.7259545979909343 1.0665205215283597 5.589999999999924
 0.18815233217160304 -0.7259545979909343 1.0665205215283597 5.599999999999924
 0.18812739513185356 -0.7259744148810776 1.0665172900758169 5.609999999999924
 0.18812739513185356 -0.7259744148810776 1.0665172900758169 5.619999999999924
 0.18812739513185356 -0.7259744148810776 1.0665172900758169 5.6299999999999235
 0.18812739513185356 -0.7259744148810776 1.0665172900758169 5.639999999999923
 0.18813283885332766 -0.7259693550509344 1.066503159056196 5.649999999999923
 0.18813283885332766 -0.7259693550509344 1.066503159056196 5.659999999999923
 0.18813283885332766 -0.7259693550509344 1.066503159056196 5.669999999999923
 0.18813283885332766 -0.7259693550509344 1.066503159056196 5.6799999999999224
 0.18813283885332766 -0.7259693550509344 1.066503159056196 5.689999999999922
 0.1881422331402447 -0.7259578533603034 1.0665088611355138 5.699999999999922
 0.1881422331402447 -0.7259578533603034 1.0665088611355138 5.709999999999922
 0.1881422331402447 -0.7259578533603034 1.0665088611355138 5.719999999999922
 0.1881422331402447 -0.7259578533603034 1.0665088611355138 5.729999999999921
 0.18815427670565732 -0.7259055128958026 1.0665502169401413 5.739999999999921
 0.18815427670565732 -0.7259055128958026 1.0665502169401413 5.749999999999921
 0.18815427670565732 -0.7259055128958026 1.0665502169401413 5.759999999999921
 0.18815427670565732 -0.7259055128958026 1.0665502169401413 5.7699999999999205
 0.18815427670565732 -0.7259055128958026 1.0665502169401413 5.77999999999992
 0.1882133204879246 -0.725901568368821 1.0665553557993688 5.78999999999992
 0.1882133204879246 -0.725901568368821 1.0665553557993688 5.79999999999992
 0.1882133204879246 -0.725901568368821 1.0665553557993688 5.80999999999992
 0.1882133204879246 -0.725901568368821 1.0665553557993688 5.8199999999999195
 0.18813479373036734 -0.7259590985734562 1.0665227629748524 5.829999999999919
 0.18813479373036734 -0.7259590985734562 1.0665227629748524 5.839999999999919
 0.18813479373036734 -0.7259590985734562 1.0665227629748524 5.849999999999919
 0.18813479373036734 -0.7259590985734562 1.0665227629748524 5.859999999999919
 0.18817565896646848 -0.7259950654609535 1.0664840857935722 5.869999999999918
 0.18817565896646848 -0.7259950654609535 1.0664840857935722 5.879999999999918
 0.18817565896646848 -0.7259950654609535 1.0664840857935722 5.889999999999918
 0.18817565896646848 -0.7259950654609535 1.0664840857935722 5.899999999999918
 0.18817565896646848 -0.7259950654609535 1.0664840857935722 5.9099999999999175
 0.18818456929087607 -0.7259654737485215 1.0665001066870983 5.919999999999917
 0.18818456929087607 -0.7259654737485215 1.0665001066870983 5.929999999999917
 0.18818456929087607 -0.7259654737485215 1.0665001066870983 5.939999999999917
 0.18818456929087607 -0.7259654737485215 1.0665001066870983 5.949999999999917
 0.1882044859429608 -0.7259010877089958 1.0665507738418647 5.9599999999999165
 0.1882044859429608 -0.7259010877089958 1.0665507738418647 5.969999999999916
 0.1882044859429608 -0.7259010877089958 1.0665507738418647 5.979999999999916
 0.1882044859429608 -0.7259010877089958 1.0665507738418647 5.989999999999916
 0.1882044859429608 -0.7259010877089958 1.0665507738418647 5.999999999999916
 0.18816805574940476 -0.725962768615512 1.0664980826107417 6.009999999999915
 0.18816805574940476 -0.725962768615512 1.0664980826107417 6.019999999999915
 0.18816805574940476 -0.725962768615512 1.0664980826107417 6.029999999999915
 0.18816805574940476 -0.725962768615512 1.0664980826107417 6.039999999999915
 0.18821783429164424 -0.7259434263076675 1.0665189121091083 6.049999999999915
 0.18821783429164424 -0.7259434263076675 1.0665189121091083 6.059999999999914
 0.18821783429164424 -0.7259434263076675 1.0665189121091083 6.069999999999914
 0.18821783429164424 -0.7259434263076675 1.0665189121091083 6.079999999999914
 0.18821783429164424 -0.7259434263076675 1.0665189121091083 6.089999999999914
 0.18818985751807038 -0.725943820437395 1.0665172613822083 6.0999999999999135
 0.18818985751807038 -0.725943820437395 1.0665172613822083 6.109999999999913
 0.18818985751807038 -0.725943820437395 1.0665172613822083 6.119999999999913
 0.18818985751807038 -0.725943820437395 1.0665172613822083 6.129999999999913
 0.18818277854628002 -0.7259665757391385 1.0664884464235265 6.139999999999913
 0.18818277854628002 -0.7259665757391385 1.0664884464235265 6.149999999999912
 0.18818277854628002 -0.7259665757391385 1.0664884464235265 6.159999999999912
 0.18818277854628002 -0.7259665757391385 1.0664884464235265 6.169999999999912
 0.18818277854628002 -0.7259665757391385 1.0664884464235265 6.179999999999912
 0.18818401489972914 -0.7259630752998393 1.066514729854556 6.189999999999912
 0.18818401489972914 -0.7259630752998393 1.066514729854556 6.199999999999911
 0.18818401489972914 -0.7259630752998393 1.066514729854556 6.209999999999911
 0.18818401489972914 -0.7259630752998393 1.066514729854556 6.219999999999911
 0.18819681407102884 -0.7259721763221636 1.0664904221152232 6.229999999999911
 0.18819681407102884 -0.7259721763221636 1.0664904221152232 6.2399999999999105
 0.18819681407102884 -0.7259721763221636 1.0664904221152232 6.24999999999991
 0.18819681407102884 -0.7259721763221636 1.0664904221152232 6.25999999999991
 0.18820503206978573 -0.7260036241930633 1.0664540875687305 6.26999999999991
 0.18820503206978573 -0.7260036241930633 1.0664540875687305 6.27999999999991
 0.18820503206978573 -0.7260036241930633 1.0664540875687305 6.289999999999909
 0.18820503206978573 -0.7260036241930633 1.0664540875687305 6.299999999999909
 0.18820503206978573 -0.7260036241930633 1.0664540875687305 6.309999999999909
 0.1881455559985643 -0.7259289663430384 1.0665519419640628 6.319999999999909
 0.1881455559985643 -0.7259289663430384 1.0665519419640628 6.329999999999909
 0.1881455559985643 -0.7259289663430384 1.0665519419640628 6.339999999999908
 0.1881455559985643 -0.7259289663430384 1.0665519419640628 6.349999999999908
 0.18817206914842527 -0.7259489399076106 1.0665188042717504 6.359999999999908
 0.18817206914842527 -0.7259489399076106 1.0665188042717504 6.369999999999908
 0.18817206914842527 -0.7259489399076106 1.0665188042717504 6.3799999999999075
 0.18817206914842527 -0.7259489399076106 1.0665188042717504 6.389999999999907
 0.18817206914842527 -0.7259489399076106 1.0665188042717504 6.399999999999907
 0.1881763459534026 -0.725952810952843 1.066500930110712 6.409999999999907
 0.1881763459534026 -0.725952810952843 1.066500930110712 6.419999999999907
 0.1881763459534026 -0.725952810952843 1.066500930110712 6.4299999999999065
 0.1881763459534026 -0.725952810952843 1.066500930110712 6.439999999999906
 0.18815070846716925 -0.7260005758274315 1.0664810235855895 6.449999999999906
 0.18815070846716925 -0.7260005758274315 1.0664810235855895 6.459999999999906
 0.18815070846716925 -0.7260005758274315 1.0664810235855895 6.469999999999906
 0.18815070846716925 -0.7260005758274315 1.0664810235855895 6.479999999999905
 0.18813162731852184 -0.7259510404369293 1.0665121312461971 6.489999999999905
 0.18813162731852184 -0.7259510404369293 1.0665121312461971 6.499999999999905
 0.18813162731852184 -0.7259510404369293 1.0665121312461971 6.509999999999905
 0.18813162731852184 -0.7259510404369293 1.0665121312461971 6.5199999999999045
 0.18813162731852184 -0.7259510404369293 1.0665121312461971 6.529999999999904
 0.18817841176583094 -0.7258766217722341 1.0665903434105437 6.539999999999904
 0.18817841176583094 -0.7258766217722341 1.0665903434105437 6.549999999999904
 0.18817841176583094 -0.7258766217722341 1.0665903434105437 6.559999999999904
 0.18817841176583094 -0.7258766217722341 1.0665903434105437 6.5699999999999035
 0.18817841176583094 -0.7258766217722341 1.0665903434105437 6.579999999999903
 0.18811121599693215 -0.7258870032249994 1.066567139547514 6.589999999999903
 0.18811121599693215 -0.7258870032249994 1.066567139547514 6.599999999999903
 0.18811121599693215 -0.7258870032249994 1.066567139547514 6.609999999999903
 0.18811121599693215 -0.7258870032249994 1.066567139547514 6.619999999999902
 0.1881934074492334 -0.7259337049026462 1.0665225910788132 6.629999999999902
 0.1881934074492334 -0.7259337049026462 1.0665225910788132 6.639999999999902
 0.1881934074492334 -0.7259337049026462 1.0665225910788132 6.649999999999902
 0.1881934074492334 -0.7259337049026462 1.0665225910788132 6.6599999999999016
 0.1881934074492334 -0.7259337049026462 1.0665225910788132 6.669999999999901
 0.18817865731676375 -0.7259403802979293 1.0665247134327192 6.679999999999901
 0.18817865731676375 -0.7259403802979293 1.0665247134327192 6.689999999999901
 0.18817865731676375 -0.7259403802979293 1.0665247134327192 6.699999999999901
 0.18817865731676375 -0.7259403802979293 1.0665247134327192 6.7099999999999005
 0.18817865731676375 -0.7259403802979293 1.0665247134327192 6.7199999999999
 0.18813416631270147 -0.725975247597559 1.0664960053816475 6.7299999999999
 0.18813416631270147 -0.725975247597559 1.0664960053816475 6.7399999999999
 0.18813416631270147 -0.725975247597559 1.0664960053816475 6.7499999999999
 0.18813416631270147 -0.725975247597559 1.0664960053816475 6.759999999999899
 0.18822866563885282 -0.7259397749037185 1.0665231117105118 6.769999999999899
 0.18822866563885282 -0.7259397749037185 1.0665231117105118 6.779999999999899
 0.18822866563885282 -0.7259397749037185 1.0665231117105118 6.789999999999899
 0.18822866563885282 -0.7259397749037185 1.0665231117105118 6.799999999999899
 0.18822866563885282 -0.7259397749037185 1.0665231117105118 6.809999999999898
 0.18816997802458585 -0.7259588854628984 1.0665073588512117 6.819999999999898
 0.18816997802458585 -0.7259588854628984 1.0665073588512117 6.829999999999898
 0.18816997802458585 -0.7259588854628984 1.0665073588512117 6.839999999999898
 0.18816997802458585 -0.7259588854628984 1.0665073588512117 6.8499999999998975
 0.188121142986853 -0.7259546022725599 1.0665079310393633 6.859999999999897
 0.188121142986853 -0.7259546022725599 1.0665079310393633 6.869999999999897
 0.188121142986853 -0.7259546022725599 1.0665079310393633 6.879999999999897
 0.188121142986853 -0.7259546022725599 1.0665079310393633 6.889999999999897
 0.188121142986853 -0.7259546022725599 1.0665079310393633 6.899999999999896
 0.1882186043889117 -0.7259726375927049 1.0664828945393172 6.909999999999896
 0.1882186043889117 -0.7259726375927049 1.0664828945393172 6.919999999999896
 0.1882186043889117 -0.7259726375927049 1.0664828945393172 6.929999999999896
 0.1882186043889117 -0.7259726375927049 1.0664828945393172 6.939999999999896
 0.1882336518809729 -0.7259843740250573 1.066477871250762 6.949999999999895
 0.1882336518809729 -0.7259843740250573 1.066477871250762 6.959999999999895
 0.1882336518809729 -0.7259843740250573 1.066477871250762 6.969999999999895
 0.1882336518809729 -0.7259843740250573 1.066477871250762 6.979999999999895
 0.1882336518809729 -0.7259843740250573 1.066477871250762 6.9899999999998945
 0.1882416396547023 -0.7259566283767315 1.066492423132718 6.999999999999894
 0.1882416396547023 -0.7259566283767315 1.066492423132718 7.009999999999894
 0.1882416396547023 -0.7259566283767315 1.066492423132718 7.019999999999894
 0.1882416396547023 -0.7259566283767315 1.066492423132718 7.029999999999894
 0.1882416396547023 -0.7259566283767315 1.066492423132718 7.0399999999998935
 