2 0.05 0.0009027016796712553 9.55999999999984
 2 0.1 0.0005597643283095186 7.439999999999886
 2 0.15000000000000002 0.000655418077716371 7.779999999999879
 2 0.2 0.0002563480456135895 7.789999999999878
 2 0.25 0.000942770512201898 7.759999999999879
 2 0.3 0.0005406907186283678 7.779999999999879
 2 0.35000000000000003 0.000757721457495173 11.509999999999799
 2 0.4 0.0009939528480199444 13.749999999999751
 2 0.45 0.0006205715688945421 11.209999999999805
 2 0.5 0.0007864630782207909 11.799999999999793
 2 0.55 0.0008407393057686648 19.95000000000032
 2 0.6000000000000001 0.0009953374346630321 17.57999999999995
 2 0.7500000000000001 0.000988247747076227 19.090000000000185
 2 0.8 0.0009017389239460983 17.439999999999927
 2 0.9500000000000001 0.0009676483835122813 17.169999999999884
 2 1.0 0.0008632314776601202 14.469999999999736
 3 0.05 0.0008765432385772637 11.02999999999981
 3 0.1 0.0004187495295507111 5.609999999999925
 3 0.15000000000000002 0.0005506613238934276 5.609999999999925
 3 0.2 0.0007299035261165995 5.449999999999928
 3 0.25 0.0004123414389356364 6.8899999999998975
 3 0.3 0.0005830381415481302 5.509999999999927
 3 0.35000000000000003 0.0008795673768397065 6.519999999999905
 3 0.4 0.00019986096939354073 6.569999999999904
 3 0.45 0.0002918530893790029 7.059999999999894
 3 0.5 9.149664672532938e-05 5.519999999999927
 3 0.55 0.0005379629053408982 6.069999999999915
 3 0.6000000000000001 0.0005112132179076327 7.399999999999887
 3 0.6500000000000001 0.00017908023445148343 7.579999999999883
 3 0.7000000000000001 0.0009516310037495733 8.749999999999858
 3 0.8 0.000991355497465105 10.96999999999981
 3 0.8500000000000001 0.00077730421267411 10.06999999999983
 3 0.9000000000000001 0.0002035353631021926 5.539999999999926
 3 0.9500000000000001 0.0008376016488573634 13.34999999999976
 3 1.0 0.000794156047749638 8.66999999999986
 4 0.05 0.00025626926745780525 5.84999999999992
 4 0.1 0.0006105313497152975 6.829999999999899
 4 0.15000000000000002 0.00017753342583913602 4.8299999999999415
 4 0.2 0.0005731801105982905 4.849999999999941
 4 0.25 0.00022605978617456395 4.039999999999958
 4 0.3 0.00021833661073519787 4.689999999999944
 4 0.35000000000000003 0.0005881429446537011 4.619999999999946
 4 0.4 0.0006730095699723336 5.209999999999933
 4 0.45 0.0002853719335305847 4.019999999999959
 4 0.5 0.0007067375063830833 7.529999999999884
 4 0.55 0.00013089574291500476 4.699999999999944
 4 0.6000000000000001 0.0003526494994270316 6.659999999999902
 4 0.6500000000000001 0.0006174025918749784 4.459999999999949
 4 0.7000000000000001 0.0006300935460028058 7.389999999999887
 4 0.7500000000000001 0.0006407813260071262 4.939999999999939
 4 0.8 0.0007012323287811351 4.699999999999944
 4 0.8500000000000001 0.0009129990215822458 5.699999999999923
 4 0.9000000000000001 0.0004196264509019654 6.579999999999904
 4 0.9500000000000001 0.0005671081912078931 5.269999999999932
 4 1.0 0.0003732568326787659 3.9999999999999587
 5 0.05 0.00042836437652046886 6.149999999999913
 5 0.1 0.0008515036034062788 5.019999999999937
 5 0.15000000000000002 0.0004398026068010482 5.099999999999936
 5 0.2 0.0009832256562287702 5.169999999999934
 5 0.25 0.0006174472106098915 3.4899999999999696
 5 0.3 0.0008124224482298505 3.3399999999999728
 5 0.35000000000000003 0.00013952005218179599 2.8899999999999824
 5 0.4 0.00037530867107334113 2.869999999999983
 5 0.45 0.0004319504475388021 3.749999999999964
 5 0.5 0.0006373362962574507 3.3599999999999723
 5 0.55 0.00042489267989644373 4.289999999999953
 5 0.6000000000000001 0.0009959345959957753 3.4099999999999713
 5 0.6500000000000001 0.0006337887718352786 3.509999999999969
 5 0.7000000000000001 0.00041305289871058985 3.5499999999999683
 5 0.7500000000000001 0.00032933365221129757 6.359999999999909
 5 0.8 0.000828961641666676 3.699999999999965
 5 0.8500000000000001 0.0006343845640754792 4.199999999999955
 5 0.9000000000000001 0.0006985093417856608 5.949999999999918
 5 0.9500000000000001 0.00017026514358825414 4.41999999999995
 5 1.0 9.88550244858509e-05 3.8099999999999627
 6 0.05 0.0006693814714139636 7.309999999999889
 6 0.1 0.0004521305641521767 4.619999999999946
 6 0.15000000000000002 0.0007749337459907232 4.989999999999938
 6 0.2 0.0003219858556716443 3.8599999999999617
 6 0.25 0.000825559775459698 4.599999999999946
 6 0.3 0.0009383960222106655 3.849999999999962
 6 0.35000000000000003 0.0007507581307624723 4.6399999999999455
 6 0.4 0.00014882036013669504 3.5799999999999677
 6 0.45 0.00021383996878565165 5.199999999999934
 6 0.5 0.00032913452215725073 3.5799999999999677
 6 0.55 0.0006782867964049592 3.47999999999997
 6 0.6000000000000001 0.0003453794766973575 4.269999999999953
 6 0.6500000000000001 0.0004648778647621434 3.429999999999971
 6 0.7000000000000001 0.0009745191218187957 3.759999999999964
 6 0.7500000000000001 0.0004462631084070617 3.8199999999999625
 6 0.8 0.00033772561544826915 3.5499999999999683
 6 0.8500000000000001 0.00012296557113259133 3.8299999999999623
 6 0.9000000000000001 0.0004605054778184772 4.289999999999953
 6 0.9500000000000001 0.00021777738799433767 4.079999999999957
 6 1.0 0.0001649748969747474 3.7199999999999647
 7 0.05 0.0006855629109659131 5.809999999999921
 7 0.1 0.0001626055269001342 5.659999999999924
 7 0.15000000000000002 0.00016226678894157997 3.799999999999963
 7 0.2 0.00044347064355644263 4.1699999999999555
 7 0.25 0.0006258024581724543 4.069999999999958
 7 0.3 0.0007328173425222458 3.699999999999965
 7 0.35000000000000003 0.000953259753374041 4.199999999999955
 7 0.4 0.00035255386011929737 3.6899999999999653
 7 0.45 0.0007306872302995364 3.8199999999999625
 7 0.5 0.0005739620446162637 4.099999999999957
 7 0.55 0.0005127732291517709 3.649999999999966
 7 0.6000000000000001 0.0003070568757562274 4.069999999999958
 7 0.6500000000000001 0.00020859162862825969 4.459999999999949
 7 0.7000000000000001 0.00015736559468610924 4.529999999999948
 7 0.7500000000000001 0.00010577947707248475 3.45999999999997
 7 0.8 0.00026063668432056193 4.659999999999945
 7 0.8500000000000001 0.00044858437701145046 3.3899999999999717
 7 0.9000000000000001 0.00036558723265123666 4.009999999999959
 7 0.9500000000000001 0.0005749345990242478 3.759999999999964
 7 1.0 0.0004053477921380779 3.6399999999999664
 8 0.05 0.000866313105790515 3.989999999999959
 8 0.1 0.0004937335689283425 3.7299999999999645
 8 0.15000000000000002 0.00047189830489734766 4.269999999999953
 8 0.2 0.0002192672534571008 4.239999999999954
 8 0.25 0.00031509411513468664 4.159999999999956
 8 0.3 0.0008592296654849658 4.299999999999953
 8 0.35000000000000003 0.0006544752158868799 4.299999999999953
 8 0.4 0.0007621449184447737 4.0299999999999585
 8 0.45 0.00017937624640985479 3.5499999999999683
 8 0.5 0.0005511561222148779 4.42999999999995
 8 0.55 0.00016983912151524394 3.849999999999962
 8 0.6000000000000001 0.00014873909630849688 3.659999999999966
 8 0.6500000000000001 0.0007601191840773873 3.899999999999961
 8 0.7000000000000001 0.0005505938109634273 6.28999999999991
 8 0.7500000000000001 0.00023268965790231542 4.139999999999956
 8 0.8 0.00027968220566262117 4.469999999999949
 8 0.8500000000000001 0.000565480864171401 4.88999999999994
 8 0.9000000000000001 0.0009897649182929247 3.9999999999999587
 8 0.9500000000000001 0.0006147379863438462 3.92999999999996
 8 1.0 0.0002809170341095663 4.42999999999995
 9 0.05 0.000824883752670301 7.159999999999892
 9 0.1 0.00048276829545899463 5.129999999999935
 9 0.15000000000000002 0.00018983728822225568 5.329999999999931
 9 0.2 0.0009784940692860863 5.1099999999999355
 9 0.25 0.00014528491029495763 4.90999999999994
 9 0.3 0.00027802772008965655 3.9099999999999606
 9 0.35000000000000003 0.0006587583793736203 3.9699999999999593
 9 0.4 0.0007858063693166161 6.529999999999905
 9 0.45 5.136792095263408e-05 3.759999999999964
 9 0.5 0.00031233641668156276 3.089999999999978
 9 0.55 0.0008715407210262528 7.3599999999998875
 9 0.6000000000000001 0.00029283078618395073 3.099999999999978
 9 0.6500000000000001 0.0008476295545599347 3.429999999999971
 9 0.7000000000000001 0.00066866728519411 4.109999999999957
 9 0.7500000000000001 0.00026278287998567296 3.419999999999971
 9 0.8 0.00047164140198168917 3.45999999999997
 9 0.8500000000000001 0.0004327415515406197 3.8299999999999623
 9 0.9000000000000001 0.0003947566886927098 3.319999999999973
 9 0.9500000000000001 0.00027173920162764113 3.519999999999969
 9 1.0 0.0004036624609176082 7.199999999999891
 10 0.05 0.0009289903331240189 7.369999999999887
 10 0.1 0.0007870738408550304 6.069999999999915
 10 0.15000000000000002 0.0005658815778625165 5.029999999999937
 10 0.2 0.0005708874149922043 6.099999999999914
 10 0.25 0.0006692321254083761 4.459999999999949
 10 0.3 0.0006770090276257554 4.749999999999943
 10 0.35000000000000003 0.0006497418919465853 5.2499999999999325
 10 0.4 0.0008365790207957103 5.82999999999992
 10 0.45 0.0008190475602731941 4.119999999999957
 10 0.5 0.0001650034131984643 4.129999999999956
 10 0.55 0.0008059470093465471 7.569999999999883
 10 0.6000000000000001 0.0005062451854133061 4.159999999999956
 10 0.6500000000000001 0.0002054480614350131 4.539999999999948
 10 0.7000000000000001 0.0008631697959802565 3.749999999999964
 10 0.7500000000000001 0.00031928601604180754 4.41999999999995
 10 0.8 0.00010408448957458754 3.7799999999999634
 10 0.8500000000000001 0.0007810779148578105 4.2199999999999545
 10 0.9000000000000001 0.000878944884372395 3.9999999999999587
 10 0.9500000000000001 0.0008600824162741231 4.089999999999957
 10 1.0 5.623393107633982e-05 2.8799999999999826
 11 0.05 0.0005798828251128964 5.229999999999933
 11 0.1 0.0009514898010616809 5.729999999999922
 11 0.15000000000000002 0.0002879307393088291 5.189999999999934
 11 0.2 0.0006804975807046519 4.4499999999999496
 11 0.25 0.00029031004191126965 4.669999999999945
 11 0.3 0.0004928374045893075 4.399999999999951
 11 0.35000000000000003 0.00045610125914139995 4.379999999999951
 11 0.4 0.0007808469006812576 4.339999999999952
 11 0.45 0.0007932833491795662 2.99999999999998
 11 0.5 0.00023138333726538163 4.009999999999959
 11 0.55 0.0003746252270041148 4.549999999999947
 11 0.6000000000000001 0.0004988382519382718 3.989999999999959
 11 0.6500000000000001 0.00014645350643582202 4.249999999999954
 11 0.7000000000000001 0.00012605031776123196 4.059999999999958
 11 0.7500000000000001 0.00044762090495607993 4.019999999999959
 11 0.8 0.0003559469572931946 2.9199999999999817
 11 0.8500000000000001 0.0007182751470398912 3.9099999999999606
 11 0.9000000000000001 0.0007410072175523327 4.41999999999995
 11 0.9500000000000001 0.0005386546601533636 3.839999999999962
 11 1.0 0.00039456281675650265 4.679999999999945
 12 0.05 0.0009350926132196425 5.099999999999936
 12 0.1 0.000316218227876746 5.949999999999918
 12 0.15000000000000002 0.00026754584055223497 5.129999999999935
 12 0.2 0.00029574817351148066 5.159999999999934
 12 0.25 0.00015300045984037214 4.389999999999951
 12 0.3 0.0008780629256137694 4.0299999999999585
 12 0.35000000000000003 0.0007525987673986097 4.789999999999942
 12 0.4 0.000519105268775635 4.9699999999999385
 12 0.45 0.00016786970255209217 4.339999999999952
 12 0.5 0.0005833639547914447 3.8799999999999613
 12 0.55 0.00040823656996574184 4.239999999999954
 12 0.6000000000000001 0.0005616044243112107 4.079999999999957
 12 0.6500000000000001 0.0007175204995885444 4.049999999999958
 12 0.7000000000000001 0.0005834982272024903 4.109999999999957
 12 0.7500000000000001 0.00040645518674832016 4.089999999999957
 12 0.8 0.0002519202870966386 4.289999999999953
 12 0.8500000000000001 0.0004916295983429721 4.159999999999956
 12 0.9000000000000001 0.0003672959469422978 4.349999999999952
 12 0.9500000000000001 8.38041227170496e-05 4.42999999999995
 12 1.0 0.000151675302497534 4.009999999999959
 13 0.05 0.0006453181764690571 8.079999999999872
 13 0.1 0.0007778016365710415 6.479999999999906
 13 0.15000000000000002 0.00017372783625433974 5.869999999999919
 13 0.2 0.0008106052786203532 4.949999999999939
 13 0.25 0.0006035435345187168 4.849999999999941
 13 0.3 0.0009677278128592941 5.279999999999932
 13 0.35000000000000003 0.0001335173103294064 4.629999999999946
 13 0.4 0.000502057567041516 7.3599999999998875
 13 0.45 0.00041418480458019864 4.649999999999945
 13 0.5 0.0005257284721398683 4.4999999999999485
 13 0.55 0.000653615873531853 3.8599999999999617
 13 0.6000000000000001 0.0004841464781017201 3.8799999999999613
 13 0.6500000000000001 0.00047808540012703887 5.1099999999999355
 13 0.7000000000000001 0.0008678107103618718 4.209999999999955
 13 0.7500000000000001 0.0005835480717988028 3.849999999999962
 13 0.8 0.0007222207385551665 3.899999999999961
 13 0.8500000000000001 0.0006285046773732837 4.509999999999948
 13 0.9000000000000001 0.000647693216188913 4.069999999999958
 13 0.9500000000000001 0.00032957263809106434 4.149999999999956
 13 1.0 0.0006100061368680434 5.36999999999993
 14 0.05 0.0009705792193164661 7.349999999999888
 14 0.1 0.00029598980477938064 6.589999999999904
 14 0.15000000000000002 0.00044647140027244246 5.559999999999926
 14 0.2 0.0008082278285670068 5.459999999999928
 14 0.25 0.0007706883232893908 5.319999999999931
 14 0.3 0.0005161811650451778 4.9199999999999395
 14 0.35000000000000003 0.0007875914769626582 5.179999999999934
 14 0.4 0.0005774555517162703 5.019999999999937
 14 0.45 0.000575574193104703 5.239999999999933
 14 0.5 0.0005319127141025545 4.739999999999943
 14 0.55 0.0008324335922875724 4.679999999999945
 14 0.6000000000000001 0.0004929554466682708 4.89999999999994
 14 0.6500000000000001 0.0005864157175064566 5.489999999999927
 14 0.7000000000000001 0.000606003104483399 4.41999999999995
 14 0.7500000000000001 0.0007453888114528895 4.989999999999938
 14 0.8 0.0004189637261734501 4.799999999999942
 14 0.8500000000000001 0.00014991758928817154 4.699999999999944
 14 0.9000000000000001 0.000271881190501634 4.189999999999955
 14 0.9500000000000001 0.0002303667982872215 4.079999999999957
 14 1.0 0.0004343292669695272 4.019999999999959
 15 0.05 0.0005454724596711315 7.299999999999889
 15 0.1 0.0008865577273129523 5.599999999999925
 15 0.15000000000000002 0.0009077385882616717 5.769999999999921
 15 0.2 0.00035615938070359776 6.039999999999916
 15 0.25 0.0002918176749485917 5.779999999999921
 15 0.3 0.0007784821012317112 5.749999999999922
 15 0.35000000000000003 0.00012199070147174702 4.809999999999942
 15 0.4 0.0006529255369131942 5.949999999999918
 15 0.45 0.000906462194147812 4.9699999999999385
 15 0.5 0.0005578565957709012 4.759999999999943
 15 0.55 0.00048317544150194424 4.719999999999944
 15 0.6000000000000001 0.00012573733122248456 2.909999999999982
 15 0.6500000000000001 0.0004580975929434711 5.639999999999924
 15 0.7000000000000001 0.0005130184122623347 4.089999999999957
 15 0.7500000000000001 0.0006308376001411234 5.099999999999936
 15 0.8 0.0007587517823538473 5.089999999999936
 15 0.8500000000000001 0.0009784056200484144 5.019999999999937
 15 0.9000000000000001 0.0003169796377787729 4.479999999999949
 15 0.9500000000000001 0.0008301794008690192 4.719999999999944
 15 1.0 0.00037370460405155973 4.279999999999953
 16 0.05 0.0006271343061502606 9.049999999999851
 16 0.1 0.0006729717793265549 7.899999999999876
 16 0.15000000000000002 0.0008819099978438758 5.929999999999918
 16 0.2 0.0003112455106135595 5.799999999999921
 16 0.25 0.0005367322284111231 5.739999999999922
 16 0.3 0.0008455243316733696 5.129999999999935
 16 0.35000000000000003 0.0005117409073582974 6.28999999999991
 16 0.4 0.0002688621400900643 4.7799999999999425
 16 0.45 0.0009385917682089803 5.219999999999933
 16 0.5 0.0005517998801832987 5.289999999999932
 16 0.55 0.000853408989899946 6.119999999999914
 16 0.6000000000000001 0.00045555789005285904 4.87999999999994
 16 0.6500000000000001 0.0009366750756068933 4.869999999999941
 16 0.7000000000000001 0.0002610147313998899 4.89999999999994
 16 0.7500000000000001 0.0006045118967398324 4.509999999999948
 16 0.8 0.0006796110426075015 5.649999999999924
 16 0.8500000000000001 0.0007314092895028487 4.339999999999952
 16 0.9000000000000001 0.0005993592428127292 3.749999999999964
 16 0.9500000000000001 0.00041430922594083475 4.40999999999995
 16 1.0 0.0006525848500860565 4.2199999999999545
 17 0.05 0.000696571951212315 9.289999999999846
 17 0.1 0.0005791287542931241 7.049999999999894
 17 0.15000000000000002 0.0008692961810696049 5.8599999999999195
 17 0.2 0.00036251972648418314 6.039999999999916
 17 0.25 0.0005374784669564781 6.829999999999899
 17 0.3 0.0003610277013192291 5.569999999999926
 17 0.35000000000000003 0.000977653377848359 7.209999999999891
 17 0.4 0.0009571054210995399 5.809999999999921
 17 0.45 0.0003636838049740476 4.659999999999945
 17 0.5 0.000934264852124948 4.859999999999941
 17 0.55 0.0005197906051405927 4.4999999999999485
 17 0.6000000000000001 0.000544908671617684 5.129999999999935
 17 0.6500000000000001 0.00045165258255583287 4.3099999999999525
 17 0.7000000000000001 0.0006271466145900131 4.689999999999944
 17 0.7500000000000001 0.00038269494644714255 5.049999999999937
 17 0.8 0.0008149104574734688 4.619999999999946
 17 0.8500000000000001 0.00036333105482536495 4.999999999999938
 17 0.9000000000000001 0.0008602932105051273 4.529999999999948
 17 0.9500000000000001 0.0004887792260878097 4.509999999999948
 17 1.0 0.0008731988750421352 4.569999999999947
 18 0.05 0.0009032557678192212 9.11999999999985
 18 0.1 0.0005334690931796 7.539999999999884
 18 0.15000000000000002 0.0007802960392266489 5.099999999999936
 18 0.2 0.000561903303200791 5.559999999999926
 18 0.25 0.0002636438139411724 5.509999999999927
 18 0.3 0.0006370336277906826 4.88999999999994
 18 0.35000000000000003 0.0005037633753387749 6.389999999999908
 18 0.4 0.0005196797806623634 5.7199999999999225
 18 0.45 0.00025265818054849993 5.619999999999925
 18 0.5 0.00044879485639456916 5.599999999999925
 18 0.55 0.00042990437823096906 5.429999999999929
 18 0.6000000000000001 0.00012598575641910694 6.549999999999905
 18 0.6500000000000001 0.0004267829386376938 5.019999999999937
 18 0.7000000000000001 0.00046150885275332576 4.539999999999948
 18 0.7500000000000001 0.0009893529260716046 5.1099999999999355
 18 0.8 0.0007120696401198477 4.41999999999995
 18 0.8500000000000001 0.0003533294916170568 4.089999999999957
 18 0.9000000000000001 0.00047503525048736355 4.719999999999944
 18 0.9500000000000001 0.0007322227725452885 4.619999999999946
 18 1.0 0.00028772009524354725 5.039999999999937
 19 0.05 0.0005889453665648381 8.739999999999858
 19 0.1 0.000357652730414919 6.349999999999909
 19 0.15000000000000002 0.0008954572981249939 6.7799999999999
 19 0.2 0.0007286953709919052 6.29999999999991
 19 0.25 0.0004290199264066038 6.129999999999914
 19 0.3 0.0009787729662449108 6.699999999999902
 19 0.35000000000000003 0.0006452214251789509 4.629999999999946
 19 0.4 0.0006122641105552644 4.88999999999994
 19 0.45 0.0008158156229312645 4.839999999999941
 19 0.5 0.0007651925853118099 5.2499999999999325
 19 0.55 0.0004036474968210721 6.649999999999903
 19 0.6000000000000001 0.0003540079400098117 5.569999999999926
 19 0.6500000000000001 0.0003104089600996697 5.319999999999931
 19 0.7000000000000001 0.0007608268200323616 5.129999999999935
 19 0.7500000000000001 0.00024752332366775024 5.299999999999931
 19 0.8 0.0007668112395721691 5.0599999999999365
 19 0.8500000000000001 0.0008974901992188508 6.629999999999903
 19 0.9000000000000001 0.0005204823766958947 5.37999999999993
 19 0.9500000000000001 0.0005837953003488933 5.189999999999934
 19 1.0 0.0005662212934922843 5.759999999999922
 20 0.05 0.0009257985537327632 9.479999999999842
 20 0.1 0.0004841192679944963 6.30999999999991
 20 0.15000000000000002 0.0006098142191663223 6.29999999999991
 20 0.2 0.00040419835706520274 6.349999999999909
 20 0.25 0.0008940813738378132 7.519999999999884
 20 0.3 0.0006431645592389667 6.389999999999908
 20 0.35000000000000003 0.00045940384457685435 6.269999999999911
 20 0.4 0.0008252565514371877 5.82999999999992
 20 0.45 0.0004936185070674728 7.039999999999894
 20 0.5 0.0005087725483370287 5.619999999999925
 20 0.55 0.0004784151428975402 5.759999999999922
 20 0.6000000000000001 0.0009219243942580559 6.3299999999999095
 20 0.6500000000000001 0.0006268951658018385 5.619999999999925
 20 0.7000000000000001 0.0004461536203509115 5.119999999999935
 20 0.7500000000000001 0.000491670590002751 6.029999999999916
 20 0.8 0.0009388193985100413 4.479999999999949
 20 0.8500000000000001 0.0003683160934115522 4.469999999999949
 20 0.9000000000000001 0.000369857993416617 4.4999999999999485
 20 0.9500000000000001 0.000492638502837567 4.41999999999995
 20 1.0 0.00029358167125374086 4.329999999999952
