0.0501526778243 -0.00780257297824 0.348545201298 1.02
 0.0501526778243 -0.00780257297824 0.348545201298 1.03
 0.0501526778243 -0.00780257297824 0.348545201298 1.04
 0.0501526778243 -0.00780257297824 0.348545201298 1.05
 0.0501526778243 -0.00780257297824 0.348545201298 1.06
 0.0501526778243 -0.00780257297824 0.348545201298 1.07
 0.0501526778243 -0.00780257297824 0.348545201298 1.08
 0.0501526778243 -0.00780257297824 0.348545201298 1.09
 0.0501526778243 -0.00780257297824 0.348545201298 1.1
 0.0501526778243 -0.00780257297824 0.348545201298 1.11
 0.0501526778243 -0.00780257297824 0.348545201298 1.12
 0.0501526778243 -0.00780257297824 0.348545201298 1.13
 0.0501526778243 -0.00780257297824 0.348545201298 1.14
 0.0501526778243 -0.00780257297824 0.348545201298 1.15
 0.0501526778243 -0.00780257297824 0.348545201298 1.16
 0.0501526778243 -0.00780257297824 0.348545201298 1.17
 0.0501526778243 -0.00780257297824 0.348545201298 1.18
 0.0501526778243 -0.00780257297824 0.348545201298 1.19
 0.0501526778243 -0.00780257297824 0.348545201298 1.2
 0.0501526778243 -0.00780257297824 0.348545201298 1.21
 0.0501526778243 -0.00780257297824 0.348545201298 1.22
 0.0501526778243 -0.00780257297824 0.348545201298 1.23
 0.0501526778243 -0.00780257297824 0.348545201298 1.24
 0.0501526778243 -0.00780257297824 0.348545201298 1.25
 0.0501526778243 -0.00780257297824 0.348545201298 1.26
 0.0501526778243 -0.00780257297824 0.348545201298 1.27
 0.0501526778243 -0.00780257297824 0.348545201298 1.28
 0.0501526778243 -0.00780257297824 0.348545201298 1.29
 0.0501526778243 -0.00780257297824 0.348545201298 1.3
 0.0501526778243 -0.00780257297824 0.348545201298 1.31
 0.0501526778243 -0.00780257297824 0.348545201298 1.32
 0.0501526778243 -0.00780257297824 0.348545201298 1.33
 0.0501526778243 -0.00780257297824 0.348545201298 1.34
 0.0501526778243 -0.00780257297824 0.348545201298 1.35
 0.0501526778243 -0.00780257297824 0.348545201298 1.36
 0.0501526778243 -0.00780257297824 0.348545201298 1.37
 0.0501526778243 -0.00780257297824 0.348545201298 1.38
 0.0501526778243 -0.00780257297824 0.348545201298 1.39
 